timestamp,symbol,instrument,ltp,volume,bid,ask,oi,bid_qty,ask_qty,stock_name,expiry
2025-02-03 09:30:10.689412,COALINDIA27FEB25F,FUTSTK,373.5,1655850,373.4,373.65,58713900,1050,3150,COALINDIA,27-FEB-2025
2025-02-03 09:32:39.120760,COALINDIA27FEB25F,FUTSTK,373.45,1955100,373.2,373.4,58730700,2100,1050,COALINDIA,27-FEB-2025
2025-02-03 09:32:46.760634,COALINDIA27FEB25F,FUTSTK,372.9,1984500,372.8,373.0,58730700,1050,4200,COALINDIA,27-FEB-2025
2025-02-03 09:33:00.834562,COALINDIA27FEB25F,FUTSTK,372.85,1991850,372.55,372.7,58730700,1050,1050,COALINDIA,27-FEB-2025
2025-02-03 09:33:12.064897,COALINDIA27FEB25F,FUTSTK,372.5,2019150,372.35,372.6,58730700,1050,6300,COALINDIA,27-FEB-2025
2025-02-03 09:33:26.671944,COALINDIA27FEB25F,FUTSTK,372.6,2042250,372.4,372.6,58730700,2100,1050,COALINDIA,27-FEB-2025
2025-02-03 09:33:34.629581,COALINDIA27FEB25F,FUTSTK,372.15,2056950,372.3,372.4,58730700,1050,4200,COALINDIA,27-FEB-2025
2025-02-03 09:33:42.235199,COALINDIA27FEB25F,FUTSTK,372.3,2066400,372.1,372.3,58740150,4200,6300,COALINDIA,27-FEB-2025
2025-02-03 09:33:50.053170,COALINDIA27FEB25F,FUTSTK,372.0,2109450,371.95,372.15,58740150,2100,2100,COALINDIA,27-FEB-2025
2025-02-03 09:33:58.410243,COALINDIA27FEB25F,FUTSTK,371.95,2116800,371.8,371.9,58740150,2100,2100,COALINDIA,27-FEB-2025
2025-02-03 09:34:10.165932,COALINDIA27FEB25F,FUTSTK,371.9,2129400,371.8,371.95,58740150,1050,7350,COALINDIA,27-FEB-2025
2025-02-03 09:34:23.396900,COALINDIA27FEB25F,FUTSTK,371.65,2155650,371.6,371.7,58740150,2100,3150,COALINDIA,27-FEB-2025
2025-02-03 09:34:31.376002,COALINDIA27FEB25F,FUTSTK,371.7,2164050,371.65,371.8,58740150,1050,1050,COALINDIA,27-FEB-2025
2025-02-03 09:34:39.313070,COALINDIA27FEB25F,FUTSTK,371.6,2172450,371.5,371.65,58740150,1050,3150,COALINDIA,27-FEB-2025
2025-02-03 09:34:46.643980,COALINDIA27FEB25F,FUTSTK,371.35,2186100,371.35,371.5,58740150,1050,7350,COALINDIA,27-FEB-2025
2025-02-03 09:34:56.761241,COALINDIA27FEB25F,FUTSTK,371.25,2223900,371.0,371.15,58740150,5250,5250,COALINDIA,27-FEB-2025
2025-02-03 09:35:14.317654,COALINDIA27FEB25F,FUTSTK,371.1,2239650,371.1,371.15,58740150,3150,1050,COALINDIA,27-FEB-2025
2025-02-03 09:35:33.040461,COALINDIA27FEB25F,FUTSTK,371.15,2261700,371.1,371.25,58740150,1050,4200,COALINDIA,27-FEB-2025
2025-02-03 09:35:45.178057,COALINDIA27FEB25F,FUTSTK,371.15,2271150,371.15,371.25,58740150,4200,2100,COALINDIA,27-FEB-2025
2025-02-03 09:35:56.601437,COALINDIA27FEB25F,FUTSTK,371.15,2298450,371.0,371.15,58740150,1050,2100,COALINDIA,27-FEB-2025
2025-02-03 09:36:04.828673,COALINDIA27FEB25F,FUTSTK,370.9,2336250,371.0,371.1,58740150,2100,1050,COALINDIA,27-FEB-2025
2025-02-03 09:36:12.911593,COALINDIA27FEB25F,FUTSTK,370.8,2357250,370.85,371.0,58740150,1050,10500,COALINDIA,27-FEB-2025
2025-02-03 09:36:21.623829,COALINDIA27FEB25F,FUTSTK,370.85,2381400,370.8,371.0,58740150,1050,7350,COALINDIA,27-FEB-2025
2025-02-03 09:36:29.355470,COALINDIA27FEB25F,FUTSTK,370.75,2397150,370.65,370.9,58740150,2100,6300,COALINDIA,27-FEB-2025
2025-02-03 09:36:39.787252,COALINDIA27FEB25F,FUTSTK,370.55,2403450,370.6,370.65,58826250,2100,3150,COALINDIA,27-FEB-2025
2025-02-03 09:36:52.072659,COALINDIA27FEB25F,FUTSTK,370.1,2440200,370.05,370.25,58826250,1050,7350,COALINDIA,27-FEB-2025
2025-02-03 09:37:00.878188,COALINDIA27FEB25F,FUTSTK,370.0,2500050,369.9,370.1,58826250,3150,6300,COALINDIA,27-FEB-2025
2025-02-03 09:37:09.855335,COALINDIA27FEB25F,FUTSTK,370.15,2507400,369.95,370.2,58826250,1050,5250,COALINDIA,27-FEB-2025
2025-02-03 09:37:17.208727,COALINDIA27FEB25F,FUTSTK,370.1,2515800,370.05,370.1,58826250,1050,1050,COALINDIA,27-FEB-2025
2025-02-03 09:37:25.181401,COALINDIA27FEB25F,FUTSTK,370.0,2521050,370.0,370.1,58826250,11550,2100,COALINDIA,27-FEB-2025
2025-02-03 09:37:32.996811,COALINDIA27FEB25F,FUTSTK,370.05,2531550,370.05,370.1,58826250,1050,1050,COALINDIA,27-FEB-2025
2025-02-03 09:37:42.014472,COALINDIA27FEB25F,FUTSTK,369.85,2549400,369.75,369.95,58826250,4200,4200,COALINDIA,27-FEB-2025
2025-02-03 09:37:51.325264,COALINDIA27FEB25F,FUTSTK,369.65,2565150,369.5,369.7,58826250,1050,2100,COALINDIA,27-FEB-2025
2025-02-03 09:38:02.250337,COALINDIA27FEB25F,FUTSTK,369.55,2576700,369.35,369.55,58826250,1050,4200,COALINDIA,27-FEB-2025
2025-02-03 09:38:12.645619,COALINDIA27FEB25F,FUTSTK,369.55,2583000,369.45,369.6,58826250,2100,1050,COALINDIA,27-FEB-2025
2025-02-03 09:38:22.172938,COALINDIA27FEB25F,FUTSTK,369.6,2599800,369.45,369.65,58826250,1050,5250,COALINDIA,27-FEB-2025
2025-02-03 09:38:29.941115,COALINDIA27FEB25F,FUTSTK,369.15,2612400,369.05,369.25,58826250,1050,1050,COALINDIA,27-FEB-2025
2025-02-03 09:38:37.493118,COALINDIA27FEB25F,FUTSTK,369.3,2625000,369.25,369.4,58826250,1050,1050,COALINDIA,27-FEB-2025
2025-02-03 09:38:47.569722,COALINDIA27FEB25F,FUTSTK,369.3,2629200,369.25,369.4,58826250,1050,7350,COALINDIA,27-FEB-2025
2025-02-03 09:38:58.633076,COALINDIA27FEB25F,FUTSTK,369.15,2640750,369.05,369.25,58826250,1050,6300,COALINDIA,27-FEB-2025
2025-02-03 09:39:06.989042,COALINDIA27FEB25F,FUTSTK,369.0,2657550,369.0,369.2,58826250,2100,12600,COALINDIA,27-FEB-2025
2025-02-03 09:39:18.459920,COALINDIA27FEB25F,FUTSTK,368.95,2678550,368.9,368.95,58826250,1050,1050,COALINDIA,27-FEB-2025
2025-02-03 09:39:31.526679,COALINDIA27FEB25F,FUTSTK,368.75,2686950,368.55,368.75,58826250,1050,7350,COALINDIA,27-FEB-2025
2025-02-03 09:39:39.878063,COALINDIA27FEB25F,FUTSTK,368.75,2694300,368.65,368.8,58927050,1050,3150,COALINDIA,27-FEB-2025
2025-02-03 09:39:47.946752,COALINDIA27FEB25F,FUTSTK,368.8,2701650,368.7,368.9,58927050,1050,8400,COALINDIA,27-FEB-2025
2025-02-03 09:39:55.618354,COALINDIA27FEB25F,FUTSTK,368.5,2722650,368.45,368.65,58927050,1050,7350,COALINDIA,27-FEB-2025
2025-02-03 09:40:05.079589,COALINDIA27FEB25F,FUTSTK,368.55,2736300,368.45,368.6,58927050,1050,1050,COALINDIA,27-FEB-2025
2025-02-03 09:40:16.134412,COALINDIA27FEB25F,FUTSTK,368.45,2741550,368.4,368.45,58927050,2100,3150,COALINDIA,27-FEB-2025
2025-02-03 09:40:26.429727,COALINDIA27FEB25F,FUTSTK,368.0,2759400,368.1,368.3,58927050,1050,5250,COALINDIA,27-FEB-2025
2025-02-03 09:40:38.530415,COALINDIA27FEB25F,FUTSTK,368.25,2825550,368.25,368.4,58927050,2100,2100,COALINDIA,27-FEB-2025
2025-02-03 09:40:51.853249,COALINDIA27FEB25F,FUTSTK,368.0,2833950,368.0,368.15,58927050,2100,1050,COALINDIA,27-FEB-2025
2025-02-03 09:40:59.307112,COALINDIA27FEB25F,FUTSTK,368.35,2850750,368.35,368.4,58927050,2100,4200,COALINDIA,27-FEB-2025
2025-02-03 09:41:07.024663,COALINDIA27FEB25F,FUTSTK,367.9,2864400,367.85,368.05,58927050,8400,1050,COALINDIA,27-FEB-2025
2025-02-03 09:41:14.659876,COALINDIA27FEB25F,FUTSTK,367.65,2889600,367.55,367.7,58927050,2100,1050,COALINDIA,27-FEB-2025
2025-02-03 09:41:23.392542,COALINDIA27FEB25F,FUTSTK,368.0,2920050,367.95,368.2,58927050,1050,2100,COALINDIA,27-FEB-2025
2025-02-03 09:41:32.483069,COALINDIA27FEB25F,FUTSTK,368.65,2938950,368.45,368.65,58927050,2100,1050,COALINDIA,27-FEB-2025
2025-02-03 09:41:40.981771,COALINDIA27FEB25F,FUTSTK,368.2,3019800,368.1,368.35,58927050,2100,3150,COALINDIA,27-FEB-2025
2025-02-03 09:41:54.826687,COALINDIA27FEB25F,FUTSTK,368.25,3035550,368.2,368.4,58927050,1050,8400,COALINDIA,27-FEB-2025
2025-02-03 09:42:05.270707,COALINDIA27FEB25F,FUTSTK,368.4,3046050,368.55,368.75,58927050,1050,1050,COALINDIA,27-FEB-2025
2025-02-03 09:42:13.281372,COALINDIA27FEB25F,FUTSTK,368.25,3049200,368.1,368.3,58927050,4200,1050,COALINDIA,27-FEB-2025
2025-02-03 09:42:21.534509,COALINDIA27FEB25F,FUTSTK,368.25,3050250,368.25,368.4,58927050,1050,2100,COALINDIA,27-FEB-2025
2025-02-03 09:42:29.548700,COALINDIA27FEB25F,FUTSTK,368.4,3053400,368.5,368.75,58927050,2100,4200,COALINDIA,27-FEB-2025
2025-02-03 09:42:37.477223,COALINDIA27FEB25F,FUTSTK,368.75,3059700,368.65,368.8,58927050,1050,1050,COALINDIA,27-FEB-2025
2025-02-03 09:42:45.118858,COALINDIA27FEB25F,FUTSTK,368.9,3071250,368.65,368.85,59021550,2100,1050,COALINDIA,27-FEB-2025
2025-02-03 09:42:52.974070,COALINDIA27FEB25F,FUTSTK,368.7,3076500,368.5,368.65,59021550,2100,1050,COALINDIA,27-FEB-2025
2025-02-03 09:43:00.956799,COALINDIA27FEB25F,FUTSTK,368.5,3080700,368.4,368.6,59021550,3150,4200,COALINDIA,27-FEB-2025
2025-02-03 09:43:11.158152,COALINDIA27FEB25F,FUTSTK,368.65,3100650,368.4,368.65,59021550,1050,1050,COALINDIA,27-FEB-2025
2025-02-03 09:43:21.510577,COALINDIA27FEB25F,FUTSTK,368.15,3103800,368.1,368.4,59021550,4200,6300,COALINDIA,27-FEB-2025
2025-02-03 09:43:29.114381,COALINDIA27FEB25F,FUTSTK,368.4,3104850,368.35,368.6,59021550,2100,4200,COALINDIA,27-FEB-2025
2025-02-03 09:43:36.758396,COALINDIA27FEB25F,FUTSTK,368.6,3115350,368.4,368.6,59021550,2100,4200,COALINDIA,27-FEB-2025
2025-02-03 09:43:44.330789,COALINDIA27FEB25F,FUTSTK,368.6,3132150,368.55,368.75,59021550,2100,1050,COALINDIA,27-FEB-2025
2025-02-03 09:43:53.246563,COALINDIA27FEB25F,FUTSTK,368.5,3145800,368.3,368.5,59021550,2100,4200,COALINDIA,27-FEB-2025
2025-02-03 09:44:01.282252,COALINDIA27FEB25F,FUTSTK,368.25,3148950,368.35,368.6,59021550,1050,4200,COALINDIA,27-FEB-2025
2025-02-03 09:44:09.119166,COALINDIA27FEB25F,FUTSTK,368.7,3151050,368.65,368.9,59021550,2100,3150,COALINDIA,27-FEB-2025
2025-02-03 09:44:18.035700,COALINDIA27FEB25F,FUTSTK,368.8,3156300,368.8,369.0,59021550,1050,3150,COALINDIA,27-FEB-2025
2025-02-03 09:44:28.483363,COALINDIA27FEB25F,FUTSTK,369.0,3186750,368.85,369.05,59021550,2100,5250,COALINDIA,27-FEB-2025
2025-02-03 09:44:37.433738,COALINDIA27FEB25F,FUTSTK,368.85,3192000,368.7,368.9,59021550,3150,3150,COALINDIA,27-FEB-2025
2025-02-03 09:44:44.964017,COALINDIA27FEB25F,FUTSTK,368.7,3222450,368.55,368.75,59021550,1050,4200,COALINDIA,27-FEB-2025
2025-02-03 09:44:52.759906,COALINDIA27FEB25F,FUTSTK,368.6,3228750,368.45,368.6,59021550,2100,1050,COALINDIA,27-FEB-2025
2025-02-03 09:45:01.051553,COALINDIA27FEB25F,FUTSTK,368.8,3242400,368.75,368.9,59021550,2100,2100,COALINDIA,27-FEB-2025
2025-02-03 09:45:08.668992,COALINDIA27FEB25F,FUTSTK,368.6,3246600,368.55,368.8,59021550,1050,6300,COALINDIA,27-FEB-2025
2025-02-03 09:45:17.318050,COALINDIA27FEB25F,FUTSTK,368.6,3248700,368.55,368.75,59021550,3150,2100,COALINDIA,27-FEB-2025
2025-02-03 09:45:33.114124,COALINDIA27FEB25F,FUTSTK,369.0,3265500,368.65,368.85,59021550,2100,1050,COALINDIA,27-FEB-2025
2025-02-03 09:45:44.293212,COALINDIA27FEB25F,FUTSTK,368.9,3303300,368.8,369.0,59049900,3150,1050,COALINDIA,27-FEB-2025
2025-02-03 09:45:54.253925,COALINDIA27FEB25F,FUTSTK,369.1,3311700,368.9,369.1,59049900,1050,2100,COALINDIA,27-FEB-2025
2025-02-03 09:46:01.886978,COALINDIA27FEB25F,FUTSTK,369.25,3316950,369.05,369.3,59049900,1050,4200,COALINDIA,27-FEB-2025
2025-02-03 09:46:10.034317,COALINDIA27FEB25F,FUTSTK,369.25,3325350,369.25,369.4,59049900,1050,3150,COALINDIA,27-FEB-2025
2025-02-03 09:46:17.885821,COALINDIA27FEB25F,FUTSTK,369.15,3339000,369.35,369.6,59049900,1050,3150,COALINDIA,27-FEB-2025
2025-02-03 09:46:25.671319,COALINDIA27FEB25F,FUTSTK,369.55,3342150,369.45,369.7,59049900,3150,1050,COALINDIA,27-FEB-2025
2025-02-03 09:46:33.281602,COALINDIA27FEB25F,FUTSTK,370.0,3350550,369.95,370.2,59049900,1050,1050,COALINDIA,27-FEB-2025
2025-02-03 09:46:41.117015,COALINDIA27FEB25F,FUTSTK,370.1,3364200,369.95,370.1,59049900,2100,1050,COALINDIA,27-FEB-2025
2025-02-03 09:46:51.075093,COALINDIA27FEB25F,FUTSTK,369.95,3367350,370.0,370.1,59049900,2100,1050,COALINDIA,27-FEB-2025
2025-02-03 09:47:01.033969,COALINDIA27FEB25F,FUTSTK,369.9,3378900,369.9,370.05,59049900,1050,1050,COALINDIA,27-FEB-2025
2025-02-03 09:47:09.960535,COALINDIA27FEB25F,FUTSTK,369.75,3387300,369.65,369.95,59049900,3150,2100,COALINDIA,27-FEB-2025
2025-02-03 09:47:18.659236,COALINDIA27FEB25F,FUTSTK,369.85,3392550,369.75,369.9,59049900,1050,1050,COALINDIA,27-FEB-2025
2025-02-03 09:47:32.975539,COALINDIA27FEB25F,FUTSTK,368.8,3419850,368.75,368.95,59049900,1050,2100,COALINDIA,27-FEB-2025
2025-02-03 09:47:57.338434,COALINDIA27FEB25F,FUTSTK,369.1,3435600,369.1,369.3,59049900,3150,1050,COALINDIA,27-FEB-2025
2025-02-03 09:48:05.272277,COALINDIA27FEB25F,FUTSTK,369.25,3444000,369.1,369.25,59049900,1050,3150,COALINDIA,27-FEB-2025
2025-02-03 09:48:18.069051,COALINDIA27FEB25F,FUTSTK,369.4,3454500,369.2,369.45,59049900,4200,5250,COALINDIA,27-FEB-2025
2025-02-03 09:48:27.912384,COALINDIA27FEB25F,FUTSTK,369.4,3458700,369.3,369.5,59049900,6300,1050,COALINDIA,27-FEB-2025
2025-02-03 09:48:36.879135,COALINDIA27FEB25F,FUTSTK,369.35,3466050,369.25,369.5,59049900,1050,6300,COALINDIA,27-FEB-2025
2025-02-03 09:48:44.834860,COALINDIA27FEB25F,FUTSTK,369.35,3481800,369.3,369.45,59117100,1050,1050,COALINDIA,27-FEB-2025
2025-02-03 09:48:55.163970,COALINDIA27FEB25F,FUTSTK,369.3,3494400,369.15,369.3,59117100,2100,1050,COALINDIA,27-FEB-2025
2025-02-03 09:49:03.671670,COALINDIA27FEB25F,FUTSTK,369.35,3504900,369.15,369.35,59117100,4200,1050,COALINDIA,27-FEB-2025
2025-02-03 09:49:13.547883,COALINDIA27FEB25F,FUTSTK,369.25,3535350,369.15,369.25,59117100,1050,1050,COALINDIA,27-FEB-2025
2025-02-03 09:49:24.816599,COALINDIA27FEB25F,FUTSTK,369.05,3562650,368.9,369.1,59117100,4200,1050,COALINDIA,27-FEB-2025
2025-02-03 09:49:37.241798,COALINDIA27FEB25F,FUTSTK,368.8,3571050,368.65,368.85,59117100,3150,1050,COALINDIA,27-FEB-2025
2025-02-03 09:49:46.399856,COALINDIA27FEB25F,FUTSTK,368.8,3572100,368.55,368.8,59117100,5250,4200,COALINDIA,27-FEB-2025
2025-02-03 09:49:56.925244,COALINDIA27FEB25F,FUTSTK,368.65,3585750,368.65,368.8,59117100,1050,3150,COALINDIA,27-FEB-2025
2025-02-03 09:50:06.125391,COALINDIA27FEB25F,FUTSTK,368.65,3586800,368.55,368.75,59117100,4200,1050,COALINDIA,27-FEB-2025
2025-02-03 09:50:14.924231,COALINDIA27FEB25F,FUTSTK,369.25,3597300,369.0,369.25,59117100,2100,2100,COALINDIA,27-FEB-2025
2025-02-03 09:50:24.509311,COALINDIA27FEB25F,FUTSTK,369.15,3603600,369.1,369.3,59117100,4200,1050,COALINDIA,27-FEB-2025
2025-02-03 09:50:33.725145,COALINDIA27FEB25F,FUTSTK,369.2,3612000,369.15,369.35,59117100,1050,2100,COALINDIA,27-FEB-2025
2025-02-03 09:50:44.188338,COALINDIA27FEB25F,FUTSTK,368.95,3626700,368.95,369.1,59117100,1050,2100,COALINDIA,27-FEB-2025
2025-02-03 09:50:56.242089,COALINDIA27FEB25F,FUTSTK,368.8,3630900,369.0,369.2,59117100,1050,1050,COALINDIA,27-FEB-2025
2025-02-03 09:51:04.671442,COALINDIA27FEB25F,FUTSTK,369.0,3635100,369.0,369.25,59117100,2100,1050,COALINDIA,27-FEB-2025
2025-02-03 09:51:12.734135,COALINDIA27FEB25F,FUTSTK,369.1,3636150,369.2,369.4,59117100,1050,1050,COALINDIA,27-FEB-2025
2025-02-03 09:51:21.234346,COALINDIA27FEB25F,FUTSTK,369.25,3637200,369.2,369.4,59117100,1050,2100,COALINDIA,27-FEB-2025
2025-02-03 09:51:29.355227,COALINDIA27FEB25F,FUTSTK,370.15,3662400,369.85,370.05,59117100,1050,1050,COALINDIA,27-FEB-2025
2025-02-03 09:51:37.625862,COALINDIA27FEB25F,FUTSTK,370.05,3670800,369.75,370.0,59117100,1050,2100,COALINDIA,27-FEB-2025
2025-02-03 09:51:46.332801,COALINDIA27FEB25F,FUTSTK,370.0,3680250,369.75,370.0,59125500,1050,2100,COALINDIA,27-FEB-2025
2025-02-03 09:51:54.179862,COALINDIA27FEB25F,FUTSTK,369.75,3688650,369.55,369.75,59125500,1050,1050,COALINDIA,27-FEB-2025
2025-02-03 09:52:06.612731,COALINDIA27FEB25F,FUTSTK,369.75,3696000,369.95,370.05,59125500,1050,2100,COALINDIA,27-FEB-2025
2025-02-03 09:52:17.172763,COALINDIA27FEB25F,FUTSTK,370.2,3702300,370.15,370.4,59125500,3150,2100,COALINDIA,27-FEB-2025
2025-02-03 09:52:27.246177,COALINDIA27FEB25F,FUTSTK,370.15,3718050,370.0,370.2,59125500,2100,5250,COALINDIA,27-FEB-2025
2025-02-03 09:52:34.970862,COALINDIA27FEB25F,FUTSTK,370.25,3728550,370.0,370.25,59125500,2100,1050,COALINDIA,27-FEB-2025
2025-02-03 09:52:42.730944,COALINDIA27FEB25F,FUTSTK,369.75,3729600,369.75,369.85,59125500,1050,1050,COALINDIA,27-FEB-2025
2025-02-03 09:52:50.815210,COALINDIA27FEB25F,FUTSTK,369.6,3735900,369.5,369.7,59125500,2100,1050,COALINDIA,27-FEB-2025
2025-02-03 09:52:58.175091,COALINDIA27FEB25F,FUTSTK,369.55,3740100,369.5,369.65,59125500,1050,1050,COALINDIA,27-FEB-2025
2025-02-03 09:53:06.008006,COALINDIA27FEB25F,FUTSTK,369.6,3743250,369.55,369.65,59125500,2100,1050,COALINDIA,27-FEB-2025
2025-02-03 09:53:16.066460,COALINDIA27FEB25F,FUTSTK,369.95,3747450,369.8,369.95,59125500,3150,6300,COALINDIA,27-FEB-2025
2025-02-03 09:53:25.303169,COALINDIA27FEB25F,FUTSTK,369.9,3755850,369.95,370.2,59125500,2100,1050,COALINDIA,27-FEB-2025
2025-02-03 09:53:35.676600,COALINDIA27FEB25F,FUTSTK,370.05,3759000,370.15,370.35,59125500,2100,1050,COALINDIA,27-FEB-2025
2025-02-03 09:53:43.439038,COALINDIA27FEB25F,FUTSTK,370.4,3764250,370.25,370.35,59125500,1050,1050,COALINDIA,27-FEB-2025
2025-02-03 09:53:51.253233,COALINDIA27FEB25F,FUTSTK,370.2,3769500,370.0,370.25,59125500,1050,2100,COALINDIA,27-FEB-2025
2025-02-03 09:53:59.190725,COALINDIA27FEB25F,FUTSTK,370.2,3773700,370.15,370.35,59125500,1050,2100,COALINDIA,27-FEB-2025
2025-02-03 09:54:06.935036,COALINDIA27FEB25F,FUTSTK,370.0,3777900,370.0,370.2,59125500,2100,2100,COALINDIA,27-FEB-2025
2025-02-03 09:54:15.011971,COALINDIA27FEB25F,FUTSTK,369.9,3782100,369.85,370.05,59125500,1050,1050,COALINDIA,27-FEB-2025
2025-02-03 09:54:22.562370,COALINDIA27FEB25F,FUTSTK,369.8,3783150,369.9,369.95,59125500,1050,4200,COALINDIA,27-FEB-2025
2025-02-03 09:54:32.417166,COALINDIA27FEB25F,FUTSTK,369.85,3787350,369.85,369.95,59125500,1050,5250,COALINDIA,27-FEB-2025
2025-02-03 09:54:43.500854,COALINDIA27FEB25F,FUTSTK,369.95,3796800,369.95,370.05,59086650,1050,1050,COALINDIA,27-FEB-2025
2025-02-03 09:54:52.080880,COALINDIA27FEB25F,FUTSTK,370.0,3796800,369.95,370.05,59086650,1050,1050,COALINDIA,27-FEB-2025
2025-02-03 09:55:02.035852,COALINDIA27FEB25F,FUTSTK,369.8,3796800,369.95,370.05,59086650,1050,1050,COALINDIA,27-FEB-2025
2025-02-03 09:55:09.699489,COALINDIA27FEB25F,FUTSTK,369.55,3817800,369.5,369.75,59086650,4200,5250,COALINDIA,27-FEB-2025
2025-02-03 09:55:17.988823,COALINDIA27FEB25F,FUTSTK,370.05,3817800,369.5,369.75,59086650,4200,5250,COALINDIA,27-FEB-2025
2025-02-03 09:55:26.997021,COALINDIA27FEB25F,FUTSTK,369.95,3817800,369.5,369.75,59086650,4200,5250,COALINDIA,27-FEB-2025
2025-02-03 09:55:34.951205,COALINDIA27FEB25F,FUTSTK,369.85,3817800,369.5,369.75,59086650,4200,5250,COALINDIA,27-FEB-2025
2025-02-03 09:55:44.631709,COALINDIA27FEB25F,FUTSTK,370.0,3850350,369.9,370.05,59086650,2100,1050,COALINDIA,27-FEB-2025
2025-02-03 09:55:56.618431,COALINDIA27FEB25F,FUTSTK,369.3,3856650,369.15,369.3,59086650,2100,2100,COALINDIA,27-FEB-2025
2025-02-03 09:56:06.146717,COALINDIA27FEB25F,FUTSTK,369.35,3867150,369.05,369.25,59086650,2100,1050,COALINDIA,27-FEB-2025
2025-02-03 09:56:14.394424,COALINDIA27FEB25F,FUTSTK,369.2,3874500,369.0,369.15,59086650,2100,1050,COALINDIA,27-FEB-2025
2025-02-03 09:56:21.987580,COALINDIA27FEB25F,FUTSTK,369.0,3882900,368.9,369.1,59086650,1050,1050,COALINDIA,27-FEB-2025
2025-02-03 09:56:29.847742,COALINDIA27FEB25F,FUTSTK,369.1,3898650,369.05,369.15,59086650,1050,1050,COALINDIA,27-FEB-2025
2025-02-03 09:56:37.537662,COALINDIA27FEB25F,FUTSTK,368.6,3903900,368.65,368.85,59086650,1050,1050,COALINDIA,27-FEB-2025
2025-02-03 09:56:45.298199,COALINDIA27FEB25F,FUTSTK,369.0,3904950,368.9,369.1,59086650,1050,2100,COALINDIA,27-FEB-2025
2025-02-03 09:56:54.951049,COALINDIA27FEB25F,FUTSTK,369.45,3910200,369.3,369.45,59086650,1050,1050,COALINDIA,27-FEB-2025
2025-02-03 09:57:04.482848,COALINDIA27FEB25F,FUTSTK,369.5,3917550,369.45,369.5,59086650,2100,1050,COALINDIA,27-FEB-2025
2025-02-03 09:57:17.171237,COALINDIA27FEB25F,FUTSTK,369.3,3920700,369.2,369.45,59086650,2100,2100,COALINDIA,27-FEB-2025
2025-02-03 09:57:27.753112,COALINDIA27FEB25F,FUTSTK,369.2,3924900,369.1,369.3,59086650,3150,1050,COALINDIA,27-FEB-2025
2025-02-03 09:57:37.679994,COALINDIA27FEB25F,FUTSTK,369.2,3924900,369.15,369.3,59086650,1050,1050,COALINDIA,27-FEB-2025
2025-02-03 09:57:45.696550,COALINDIA27FEB25F,FUTSTK,369.0,3929100,368.95,369.15,59126550,2100,2100,COALINDIA,27-FEB-2025
2025-02-03 09:57:53.153979,COALINDIA27FEB25F,FUTSTK,369.15,3929100,369.0,369.15,59126550,1050,3150,COALINDIA,27-FEB-2025
2025-02-03 09:58:01.089365,COALINDIA27FEB25F,FUTSTK,368.75,3932250,368.55,368.75,59126550,2100,2100,COALINDIA,27-FEB-2025
2025-02-03 09:58:08.730781,COALINDIA27FEB25F,FUTSTK,368.4,3936450,368.4,368.6,59126550,2100,5250,COALINDIA,27-FEB-2025
2025-02-03 09:58:15.960566,COALINDIA27FEB25F,FUTSTK,368.3,3942750,368.25,368.45,59126550,1050,4200,COALINDIA,27-FEB-2025
2025-02-03 09:58:27.839617,COALINDIA27FEB25F,FUTSTK,368.8,3949050,368.65,368.85,59126550,2100,4200,COALINDIA,27-FEB-2025
2025-02-03 09:58:38.514977,COALINDIA27FEB25F,FUTSTK,368.65,3961650,368.65,368.75,59126550,1050,3150,COALINDIA,27-FEB-2025
2025-02-03 09:58:46.517468,COALINDIA27FEB25F,FUTSTK,368.85,3961650,368.65,368.75,59126550,1050,3150,COALINDIA,27-FEB-2025
2025-02-03 09:58:54.452505,COALINDIA27FEB25F,FUTSTK,368.8,3969000,368.7,368.9,59126550,2100,1050,COALINDIA,27-FEB-2025
2025-02-03 09:59:02.704889,COALINDIA27FEB25F,FUTSTK,368.95,3969000,368.7,368.9,59126550,2100,1050,COALINDIA,27-FEB-2025
2025-02-03 09:59:13.570108,COALINDIA27FEB25F,FUTSTK,369.1,3969000,368.7,368.9,59126550,2100,1050,COALINDIA,27-FEB-2025
2025-02-03 09:59:29.093519,COALINDIA27FEB25F,FUTSTK,369.7,3994200,369.5,369.65,59126550,1050,1050,COALINDIA,27-FEB-2025
2025-02-03 09:59:41.825294,COALINDIA27FEB25F,FUTSTK,369.4,4003650,369.25,369.45,59126550,1050,1050,COALINDIA,27-FEB-2025
2025-02-03 09:59:52.440231,COALINDIA27FEB25F,FUTSTK,369.45,4014150,369.05,369.35,59126550,2100,4200,COALINDIA,27-FEB-2025
2025-02-03 10:00:00.563992,COALINDIA27FEB25F,FUTSTK,369.3,4017300,369.3,369.45,59126550,3150,1050,COALINDIA,27-FEB-2025
2025-02-03 10:00:08.405964,COALINDIA27FEB25F,FUTSTK,369.45,4020450,369.45,369.6,59126550,1050,6300,COALINDIA,27-FEB-2025
2025-02-03 10:00:16.566616,COALINDIA27FEB25F,FUTSTK,369.4,4021500,369.45,369.6,59126550,2100,3150,COALINDIA,27-FEB-2025
2025-02-03 10:00:29.216854,COALINDIA27FEB25F,FUTSTK,369.0,4029900,369.0,369.15,59126550,1050,2100,COALINDIA,27-FEB-2025
2025-02-03 10:00:40.252752,COALINDIA27FEB25F,FUTSTK,368.9,4038300,368.85,369.05,59126550,1050,1050,COALINDIA,27-FEB-2025
2025-02-03 10:00:51.970051,COALINDIA27FEB25F,FUTSTK,368.9,4038300,368.85,369.05,59119200,1050,1050,COALINDIA,27-FEB-2025
2025-02-03 10:01:03.328758,COALINDIA27FEB25F,FUTSTK,369.05,4048800,368.85,369.05,59119200,1050,1050,COALINDIA,27-FEB-2025
2025-02-03 10:01:14.135000,COALINDIA27FEB25F,FUTSTK,369.3,4048800,368.85,369.05,59119200,1050,1050,COALINDIA,27-FEB-2025
2025-02-03 10:01:22.497554,COALINDIA27FEB25F,FUTSTK,369.25,4048800,368.85,369.05,59119200,1050,1050,COALINDIA,27-FEB-2025
2025-02-03 10:01:31.327754,COALINDIA27FEB25F,FUTSTK,369.25,4054050,369.65,369.8,59119200,1050,1050,COALINDIA,27-FEB-2025
2025-02-03 10:01:38.838023,COALINDIA27FEB25F,FUTSTK,370.0,4059300,369.85,370.05,59119200,1050,2100,COALINDIA,27-FEB-2025
2025-02-03 10:01:46.765338,COALINDIA27FEB25F,FUTSTK,370.35,4085550,370.35,370.55,59119200,1050,3150,COALINDIA,27-FEB-2025
2025-02-03 10:01:55.135530,COALINDIA27FEB25F,FUTSTK,370.05,4091850,369.8,370.05,59119200,1050,1050,COALINDIA,27-FEB-2025
2025-02-03 10:02:02.908097,COALINDIA27FEB25F,FUTSTK,370.1,4093950,369.85,370.1,59119200,1050,4200,COALINDIA,27-FEB-2025
2025-02-03 10:02:14.152744,COALINDIA27FEB25F,FUTSTK,370.1,4093950,370.2,370.45,59119200,2100,1050,COALINDIA,27-FEB-2025
2025-02-03 10:02:25.137564,COALINDIA27FEB25F,FUTSTK,370.1,4098150,370.0,370.2,59119200,1050,1050,COALINDIA,27-FEB-2025
2025-02-03 10:02:37.133246,COALINDIA27FEB25F,FUTSTK,370.25,4106550,370.05,370.35,59119200,3150,2100,COALINDIA,27-FEB-2025
2025-02-03 10:02:48.622138,COALINDIA27FEB25F,FUTSTK,370.0,4109700,369.75,369.95,59119200,2100,1050,COALINDIA,27-FEB-2025
2025-02-03 10:03:00.159105,COALINDIA27FEB25F,FUTSTK,369.6,4111800,369.5,369.75,59119200,2100,1050,COALINDIA,27-FEB-2025
2025-02-03 10:03:09.829186,COALINDIA27FEB25F,FUTSTK,369.7,4119150,369.5,369.7,59119200,4200,2100,COALINDIA,27-FEB-2025
2025-02-03 10:03:17.609249,COALINDIA27FEB25F,FUTSTK,369.9,4126500,369.7,369.95,59119200,1050,3150,COALINDIA,27-FEB-2025
2025-02-03 10:03:25.926408,COALINDIA27FEB25F,FUTSTK,370.25,4138050,370.15,370.4,59119200,3150,3150,COALINDIA,27-FEB-2025
2025-02-03 10:03:41.729021,COALINDIA27FEB25F,FUTSTK,370.75,4147500,370.25,370.45,59119200,1050,2100,COALINDIA,27-FEB-2025
2025-02-03 10:03:51.426020,COALINDIA27FEB25F,FUTSTK,370.45,4151700,370.3,370.5,59120250,1050,1050,COALINDIA,27-FEB-2025
2025-02-03 10:03:59.136475,COALINDIA27FEB25F,FUTSTK,370.5,4152750,370.45,370.6,59120250,2100,1050,COALINDIA,27-FEB-2025
2025-02-03 10:04:06.983719,COALINDIA27FEB25F,FUTSTK,370.5,4153800,370.25,370.45,59120250,1050,1050,COALINDIA,27-FEB-2025
2025-02-03 10:04:15.305043,COALINDIA27FEB25F,FUTSTK,370.2,4156950,370.2,370.4,59120250,1050,3150,COALINDIA,27-FEB-2025
2025-02-03 10:04:26.079726,COALINDIA27FEB25F,FUTSTK,370.5,4160100,370.4,370.6,59120250,2100,1050,COALINDIA,27-FEB-2025
2025-02-03 10:04:41.032025,COALINDIA27FEB25F,FUTSTK,370.4,4168500,370.2,370.35,59120250,1050,1050,COALINDIA,27-FEB-2025
2025-02-03 10:04:53.242872,COALINDIA27FEB25F,FUTSTK,370.65,4168500,370.2,370.35,59120250,1050,1050,COALINDIA,27-FEB-2025
2025-02-03 10:05:02.585928,COALINDIA27FEB25F,FUTSTK,370.65,4168500,370.2,370.35,59120250,1050,1050,COALINDIA,27-FEB-2025
2025-02-03 10:05:10.310853,COALINDIA27FEB25F,FUTSTK,370.4,4168500,370.2,370.35,59120250,1050,1050,COALINDIA,27-FEB-2025
2025-02-03 10:05:18.435006,COALINDIA27FEB25F,FUTSTK,370.4,4182150,370.35,370.55,59120250,1050,1050,COALINDIA,27-FEB-2025
2025-02-03 10:05:26.267012,COALINDIA27FEB25F,FUTSTK,370.4,4182150,370.35,370.55,59120250,1050,1050,COALINDIA,27-FEB-2025
2025-02-03 10:05:33.602177,COALINDIA27FEB25F,FUTSTK,370.55,4182150,370.35,370.55,59120250,1050,1050,COALINDIA,27-FEB-2025
2025-02-03 10:05:40.883727,COALINDIA27FEB25F,FUTSTK,370.5,4201050,370.45,370.6,59120250,1050,1050,COALINDIA,27-FEB-2025
2025-02-03 10:05:48.517861,COALINDIA27FEB25F,FUTSTK,370.5,4201050,370.55,370.7,59120250,1050,1050,COALINDIA,27-FEB-2025
2025-02-03 10:05:55.989612,COALINDIA27FEB25F,FUTSTK,370.65,4205250,370.55,370.7,59120250,1050,2100,COALINDIA,27-FEB-2025
2025-02-03 10:06:07.207852,COALINDIA27FEB25F,FUTSTK,370.9,4211550,370.55,370.8,59120250,1050,4200,COALINDIA,27-FEB-2025
2025-02-03 10:06:17.093131,COALINDIA27FEB25F,FUTSTK,371.15,4235700,371.1,371.3,59120250,2100,1050,COALINDIA,27-FEB-2025
2025-02-03 10:06:24.808108,COALINDIA27FEB25F,FUTSTK,371.15,4235700,371.1,371.3,59120250,1050,1050,COALINDIA,27-FEB-2025
2025-02-03 10:06:33.144445,COALINDIA27FEB25F,FUTSTK,371.1,4244100,371.05,371.25,59120250,1050,1050,COALINDIA,27-FEB-2025
2025-02-03 10:06:41.466248,COALINDIA27FEB25F,FUTSTK,371.1,4247250,371.05,371.3,59120250,3150,1050,COALINDIA,27-FEB-2025
2025-02-03 10:06:49.310539,COALINDIA27FEB25F,FUTSTK,371.5,4254600,371.3,371.5,59112900,1050,1050,COALINDIA,27-FEB-2025
2025-02-03 10:07:04.727243,COALINDIA27FEB25F,FUTSTK,371.55,4256700,371.3,371.5,59112900,2100,1050,COALINDIA,27-FEB-2025
2025-02-03 10:07:16.639921,COALINDIA27FEB25F,FUTSTK,371.45,4259850,371.45,371.6,59112900,1050,1050,COALINDIA,27-FEB-2025
2025-02-03 10:07:29.044808,COALINDIA27FEB25F,FUTSTK,371.7,4265100,371.65,371.85,59112900,1050,1050,COALINDIA,27-FEB-2025
2025-02-03 10:07:37.490102,COALINDIA27FEB25F,FUTSTK,371.7,4265100,371.75,371.9,59112900,1050,1050,COALINDIA,27-FEB-2025
2025-02-03 10:07:45.040953,COALINDIA27FEB25F,FUTSTK,371.8,4271400,371.8,372.0,59112900,1050,5250,COALINDIA,27-FEB-2025
2025-02-03 10:07:52.515539,COALINDIA27FEB25F,FUTSTK,371.8,4271400,371.8,371.95,59112900,4200,2100,COALINDIA,27-FEB-2025
2025-02-03 10:08:00.296098,COALINDIA27FEB25F,FUTSTK,371.8,4275600,371.8,371.95,59112900,1050,3150,COALINDIA,27-FEB-2025
2025-02-03 10:08:08.517758,COALINDIA27FEB25F,FUTSTK,371.75,4285050,371.7,371.9,59112900,1050,1050,COALINDIA,27-FEB-2025
2025-02-03 10:08:16.245908,COALINDIA27FEB25F,FUTSTK,371.7,4286100,371.6,371.75,59112900,1050,1050,COALINDIA,27-FEB-2025
2025-02-03 10:08:23.781473,COALINDIA27FEB25F,FUTSTK,371.35,4291350,371.3,371.55,59112900,3150,3150,COALINDIA,27-FEB-2025
2025-02-03 10:08:31.813265,COALINDIA27FEB25F,FUTSTK,371.75,4314450,371.6,371.75,59112900,2100,1050,COALINDIA,27-FEB-2025
2025-02-03 10:08:42.736094,COALINDIA27FEB25F,FUTSTK,371.6,4316550,371.5,371.65,59112900,1050,2100,COALINDIA,27-FEB-2025
2025-02-03 10:08:51.965064,COALINDIA27FEB25F,FUTSTK,371.6,4319700,371.65,371.8,59112900,1050,1050,COALINDIA,27-FEB-2025
2025-02-03 10:09:02.735859,COALINDIA27FEB25F,FUTSTK,371.6,4319700,371.65,371.8,59112900,1050,1050,COALINDIA,27-FEB-2025
2025-02-03 10:09:14.519844,COALINDIA27FEB25F,FUTSTK,371.6,4319700,371.65,371.8,59112900,1050,1050,COALINDIA,27-FEB-2025
2025-02-03 10:09:24.595781,COALINDIA27FEB25F,FUTSTK,371.65,4323900,371.5,371.7,59112900,1050,2100,COALINDIA,27-FEB-2025
2025-02-03 10:09:33.780088,COALINDIA27FEB25F,FUTSTK,371.3,4323900,371.5,371.7,59112900,1050,2100,COALINDIA,27-FEB-2025
2025-02-03 10:09:41.571575,COALINDIA27FEB25F,FUTSTK,371.5,4323900,371.5,371.7,59112900,1050,2100,COALINDIA,27-FEB-2025
2025-02-03 10:09:50.884164,COALINDIA27FEB25F,FUTSTK,371.45,4334400,371.25,371.4,59141250,1050,1050,COALINDIA,27-FEB-2025
2025-02-03 10:10:01.997344,COALINDIA27FEB25F,FUTSTK,371.45,4334400,371.25,371.4,59141250,1050,1050,COALINDIA,27-FEB-2025
2025-02-03 10:10:10.331610,COALINDIA27FEB25F,FUTSTK,371.95,4334400,371.25,371.4,59141250,1050,1050,COALINDIA,27-FEB-2025
2025-02-03 10:10:18.959043,COALINDIA27FEB25F,FUTSTK,371.85,4334400,371.25,371.4,59141250,1050,1050,COALINDIA,27-FEB-2025
2025-02-03 10:10:26.730805,COALINDIA27FEB25F,FUTSTK,371.7,4359600,371.8,371.95,59141250,2100,1050,COALINDIA,27-FEB-2025
2025-02-03 10:10:34.332299,COALINDIA27FEB25F,FUTSTK,371.95,4359600,371.8,371.95,59141250,2100,1050,COALINDIA,27-FEB-2025
2025-02-03 10:10:42.597585,COALINDIA27FEB25F,FUTSTK,371.45,4375350,371.3,371.45,59141250,1050,1050,COALINDIA,27-FEB-2025
2025-02-03 10:10:50.468817,COALINDIA27FEB25F,FUTSTK,371.8,4379550,371.7,371.9,59141250,2100,1050,COALINDIA,27-FEB-2025
2025-02-03 10:10:57.893339,COALINDIA27FEB25F,FUTSTK,371.75,4382700,371.3,371.5,59141250,1050,1050,COALINDIA,27-FEB-2025
2025-02-03 10:11:08.647547,COALINDIA27FEB25F,FUTSTK,371.55,4387950,371.5,371.7,59141250,1050,2100,COALINDIA,27-FEB-2025
2025-02-03 10:11:19.231539,COALINDIA27FEB25F,FUTSTK,371.75,4391100,371.7,371.8,59141250,1050,1050,COALINDIA,27-FEB-2025
2025-02-03 10:11:27.564733,COALINDIA27FEB25F,FUTSTK,371.75,4391100,371.75,371.8,59141250,1050,1050,COALINDIA,27-FEB-2025
2025-02-03 10:11:35.723195,COALINDIA27FEB25F,FUTSTK,371.8,4391100,371.7,371.8,59141250,1050,1050,COALINDIA,27-FEB-2025
2025-02-03 10:11:43.049588,COALINDIA27FEB25F,FUTSTK,371.9,4392150,371.85,371.9,59141250,1050,2100,COALINDIA,27-FEB-2025
2025-02-03 10:11:50.411878,COALINDIA27FEB25F,FUTSTK,372.1,4392150,371.85,371.9,59141250,1050,2100,COALINDIA,27-FEB-2025
2025-02-03 10:11:58.048620,COALINDIA27FEB25F,FUTSTK,372.15,4404750,372.05,372.2,59141250,3150,2100,COALINDIA,27-FEB-2025
2025-02-03 10:12:05.913874,COALINDIA27FEB25F,FUTSTK,372.2,4404750,372.05,372.2,59141250,3150,2100,COALINDIA,27-FEB-2025
2025-02-03 10:12:13.936957,COALINDIA27FEB25F,FUTSTK,372.2,4404750,372.05,372.2,59141250,3150,2100,COALINDIA,27-FEB-2025
2025-02-03 10:12:23.349461,COALINDIA27FEB25F,FUTSTK,372.2,4404750,372.05,372.2,59141250,3150,2100,COALINDIA,27-FEB-2025
2025-02-03 10:12:33.942959,COALINDIA27FEB25F,FUTSTK,371.95,4419450,372.15,372.3,59141250,4200,1050,COALINDIA,27-FEB-2025
2025-02-03 10:12:42.658123,COALINDIA27FEB25F,FUTSTK,371.95,4419450,372.15,372.3,59141250,4200,1050,COALINDIA,27-FEB-2025
2025-02-03 10:12:50.542263,COALINDIA27FEB25F,FUTSTK,371.95,4419450,372.15,372.3,59169600,4200,1050,COALINDIA,27-FEB-2025
2025-02-03 10:13:03.905967,COALINDIA27FEB25F,FUTSTK,371.85,4447800,371.9,372.15,59169600,1050,7350,COALINDIA,27-FEB-2025
2025-02-03 10:13:14.652989,COALINDIA27FEB25F,FUTSTK,371.65,4447800,371.9,372.15,59169600,1050,7350,COALINDIA,27-FEB-2025
2025-02-03 10:13:25.575546,COALINDIA27FEB25F,FUTSTK,371.8,4447800,371.9,372.15,59169600,1050,7350,COALINDIA,27-FEB-2025
2025-02-03 10:13:33.221799,COALINDIA27FEB25F,FUTSTK,371.8,4453050,371.55,371.75,59169600,1050,4200,COALINDIA,27-FEB-2025
2025-02-03 10:13:45.345379,COALINDIA27FEB25F,FUTSTK,371.65,4453050,371.55,371.75,59169600,1050,4200,COALINDIA,27-FEB-2025
2025-02-03 10:13:56.386534,COALINDIA27FEB25F,FUTSTK,372.0,4453050,371.55,371.75,59169600,1050,4200,COALINDIA,27-FEB-2025
2025-02-03 10:14:05.264666,COALINDIA27FEB25F,FUTSTK,372.05,4484550,372.05,372.2,59169600,2100,1050,COALINDIA,27-FEB-2025
2025-02-03 10:14:13.226023,COALINDIA27FEB25F,FUTSTK,372.0,4484550,372.05,372.2,59169600,2100,1050,COALINDIA,27-FEB-2025
2025-02-03 10:14:20.872162,COALINDIA27FEB25F,FUTSTK,372.0,4484550,372.05,372.2,59169600,2100,1050,COALINDIA,27-FEB-2025
2025-02-03 10:14:28.340635,COALINDIA27FEB25F,FUTSTK,372.0,4484550,372.05,372.2,59169600,2100,1050,COALINDIA,27-FEB-2025
2025-02-03 10:14:37.534411,COALINDIA27FEB25F,FUTSTK,372.0,4515000,371.9,372.15,59169600,3150,3150,COALINDIA,27-FEB-2025
2025-02-03 10:14:44.900697,COALINDIA27FEB25F,FUTSTK,372.0,4515000,371.9,372.15,59169600,3150,3150,COALINDIA,27-FEB-2025
2025-02-03 10:14:52.896760,COALINDIA27FEB25F,FUTSTK,371.85,4515000,371.9,372.15,59169600,3150,3150,COALINDIA,27-FEB-2025
2025-02-03 10:15:07.834158,COALINDIA27FEB25F,FUTSTK,371.45,4526550,371.45,371.6,59169600,1050,2100,COALINDIA,27-FEB-2025
2025-02-03 10:15:17.514445,COALINDIA27FEB25F,FUTSTK,371.4,4526550,371.45,371.6,59169600,1050,2100,COALINDIA,27-FEB-2025
2025-02-03 10:15:26.794558,COALINDIA27FEB25F,FUTSTK,371.4,4526550,371.45,371.6,59169600,1050,2100,COALINDIA,27-FEB-2025
2025-02-03 10:15:34.411364,COALINDIA27FEB25F,FUTSTK,371.4,4526550,371.45,371.6,59169600,1050,2100,COALINDIA,27-FEB-2025
2025-02-03 10:15:42.289101,COALINDIA27FEB25F,FUTSTK,371.15,4538100,371.05,371.25,59169600,3150,2100,COALINDIA,27-FEB-2025
2025-02-03 10:15:49.679218,COALINDIA27FEB25F,FUTSTK,371.05,4538100,371.05,371.25,59159100,3150,2100,COALINDIA,27-FEB-2025
2025-02-03 10:15:57.102424,COALINDIA27FEB25F,FUTSTK,371.1,4538100,371.05,371.25,59159100,3150,2100,COALINDIA,27-FEB-2025
2025-02-03 10:16:04.528643,COALINDIA27FEB25F,FUTSTK,371.0,4538100,371.05,371.25,59159100,3150,2100,COALINDIA,27-FEB-2025
2025-02-03 10:16:13.599631,COALINDIA27FEB25F,FUTSTK,371.15,4559100,371.15,371.2,59159100,2100,5250,COALINDIA,27-FEB-2025
2025-02-03 10:16:23.738918,COALINDIA27FEB25F,FUTSTK,371.3,4559100,371.15,371.2,59159100,2100,5250,COALINDIA,27-FEB-2025
2025-02-03 10:16:32.335437,COALINDIA27FEB25F,FUTSTK,371.35,4559100,371.15,371.2,59159100,2100,5250,COALINDIA,27-FEB-2025
2025-02-03 10:16:40.976537,COALINDIA27FEB25F,FUTSTK,371.35,4575900,370.8,371.0,59159100,1050,1050,COALINDIA,27-FEB-2025
2025-02-03 10:16:51.109870,COALINDIA27FEB25F,FUTSTK,371.0,4575900,370.8,371.0,59159100,1050,1050,COALINDIA,27-FEB-2025
2025-02-03 10:17:01.721017,COALINDIA27FEB25F,FUTSTK,371.15,4575900,370.8,371.0,59159100,1050,1050,COALINDIA,27-FEB-2025
2025-02-03 10:17:11.523120,COALINDIA27FEB25F,FUTSTK,370.9,4591650,371.05,371.2,59159100,2100,1050,COALINDIA,27-FEB-2025
2025-02-03 10:17:21.881450,COALINDIA27FEB25F,FUTSTK,371.2,4591650,371.05,371.2,59159100,2100,1050,COALINDIA,27-FEB-2025
2025-02-03 10:17:32.789613,COALINDIA27FEB25F,FUTSTK,371.1,4591650,371.05,371.2,59159100,2100,1050,COALINDIA,27-FEB-2025
2025-02-03 10:17:42.316365,COALINDIA27FEB25F,FUTSTK,371.1,4591650,371.05,371.2,59159100,2100,1050,COALINDIA,27-FEB-2025
2025-02-03 10:17:49.672900,COALINDIA27FEB25F,FUTSTK,371.2,4594800,371.1,371.35,59159100,2100,2100,COALINDIA,27-FEB-2025
2025-02-03 10:17:57.374493,COALINDIA27FEB25F,FUTSTK,371.2,4594800,371.1,371.35,59159100,2100,2100,COALINDIA,27-FEB-2025
2025-02-03 10:18:09.085031,COALINDIA27FEB25F,FUTSTK,371.0,4594800,371.1,371.35,59159100,2100,2100,COALINDIA,27-FEB-2025
2025-02-03 10:18:18.380589,COALINDIA27FEB25F,FUTSTK,371.0,4600050,371.0,371.15,59159100,2100,1050,COALINDIA,27-FEB-2025
2025-02-03 10:18:25.805101,COALINDIA27FEB25F,FUTSTK,371.0,4600050,371.0,371.15,59159100,2100,1050,COALINDIA,27-FEB-2025
2025-02-03 10:18:33.177283,COALINDIA27FEB25F,FUTSTK,371.1,4600050,371.0,371.15,59159100,2100,1050,COALINDIA,27-FEB-2025
2025-02-03 10:18:40.610187,COALINDIA27FEB25F,FUTSTK,371.1,4600050,371.0,371.15,59159100,2100,1050,COALINDIA,27-FEB-2025
2025-02-03 10:18:51.800167,COALINDIA27FEB25F,FUTSTK,371.1,4611600,371.1,371.3,59175900,2100,1050,COALINDIA,27-FEB-2025
2025-02-03 10:19:03.687324,COALINDIA27FEB25F,FUTSTK,371.25,4611600,371.1,371.3,59175900,2100,1050,COALINDIA,27-FEB-2025
2025-02-03 10:19:13.288981,COALINDIA27FEB25F,FUTSTK,370.9,4628400,370.85,371.05,59175900,2100,1050,COALINDIA,27-FEB-2025
2025-02-03 10:19:23.085347,COALINDIA27FEB25F,FUTSTK,370.95,4628400,370.85,371.05,59175900,2100,1050,COALINDIA,27-FEB-2025
2025-02-03 10:19:32.292043,COALINDIA27FEB25F,FUTSTK,370.95,4628400,370.85,371.05,59175900,2100,1050,COALINDIA,27-FEB-2025
2025-02-03 10:19:39.884451,COALINDIA27FEB25F,FUTSTK,371.15,4628400,370.85,371.05,59175900,2100,1050,COALINDIA,27-FEB-2025
2025-02-03 10:19:47.455535,COALINDIA27FEB25F,FUTSTK,371.0,4641000,371.0,371.2,59175900,2100,3150,COALINDIA,27-FEB-2025
2025-02-03 10:19:54.523444,COALINDIA27FEB25F,FUTSTK,371.0,4641000,371.0,371.2,59175900,2100,3150,COALINDIA,27-FEB-2025
2025-02-03 10:20:04.684337,COALINDIA27FEB25F,FUTSTK,371.0,4641000,371.0,371.2,59175900,2100,3150,COALINDIA,27-FEB-2025
2025-02-03 10:20:14.924047,COALINDIA27FEB25F,FUTSTK,371.0,4648350,370.85,371.1,59175900,3150,2100,COALINDIA,27-FEB-2025
2025-02-03 10:20:22.407835,COALINDIA27FEB25F,FUTSTK,370.65,4648350,370.85,371.1,59175900,3150,2100,COALINDIA,27-FEB-2025
2025-02-03 10:20:29.879274,COALINDIA27FEB25F,FUTSTK,370.85,4648350,370.85,371.1,59175900,3150,2100,COALINDIA,27-FEB-2025
2025-02-03 10:20:37.345132,COALINDIA27FEB25F,FUTSTK,370.85,4648350,370.85,371.1,59175900,3150,2100,COALINDIA,27-FEB-2025
2025-02-03 10:20:44.903496,COALINDIA27FEB25F,FUTSTK,370.85,4651500,370.85,371.05,59175900,1050,8400,COALINDIA,27-FEB-2025
2025-02-03 10:20:52.931350,COALINDIA27FEB25F,FUTSTK,371.25,4651500,370.85,371.05,59175900,1050,8400,COALINDIA,27-FEB-2025
2025-02-03 10:21:03.898313,COALINDIA27FEB25F,FUTSTK,371.5,4651500,370.85,371.05,59175900,1050,8400,COALINDIA,27-FEB-2025
2025-02-03 10:21:14.866910,COALINDIA27FEB25F,FUTSTK,371.75,4673550,371.65,371.8,59175900,1050,1050,COALINDIA,27-FEB-2025
2025-02-03 10:21:25.586878,COALINDIA27FEB25F,FUTSTK,372.0,4673550,371.65,371.8,59175900,1050,1050,COALINDIA,27-FEB-2025
2025-02-03 10:21:36.345754,COALINDIA27FEB25F,FUTSTK,372.5,4673550,371.65,371.8,59175900,1050,1050,COALINDIA,27-FEB-2025
2025-02-03 10:21:44.705465,COALINDIA27FEB25F,FUTSTK,372.35,4710300,372.35,372.55,59165400,1050,1050,COALINDIA,27-FEB-2025
2025-02-03 10:21:52.164946,COALINDIA27FEB25F,FUTSTK,372.5,4713450,372.65,372.8,59165400,2100,1050,COALINDIA,27-FEB-2025
2025-02-03 10:21:59.738423,COALINDIA27FEB25F,FUTSTK,372.45,4716600,372.35,372.55,59165400,2100,2100,COALINDIA,27-FEB-2025
2025-02-03 10:22:07.097915,COALINDIA27FEB25F,FUTSTK,372.45,4719750,372.35,372.45,59165400,1050,1050,COALINDIA,27-FEB-2025
2025-02-03 10:22:14.362273,COALINDIA27FEB25F,FUTSTK,372.3,4722900,372.25,372.45,59165400,2100,1050,COALINDIA,27-FEB-2025
2025-02-03 10:22:22.529338,COALINDIA27FEB25F,FUTSTK,372.35,4722900,372.35,372.45,59165400,1050,1050,COALINDIA,27-FEB-2025
2025-02-03 10:22:30.493835,COALINDIA27FEB25F,FUTSTK,372.45,4725000,372.2,372.35,59165400,1050,2100,COALINDIA,27-FEB-2025
2025-02-03 10:22:41.807744,COALINDIA27FEB25F,FUTSTK,372.5,4730250,372.6,372.7,59165400,1050,2100,COALINDIA,27-FEB-2025
2025-02-03 10:22:53.119017,COALINDIA27FEB25F,FUTSTK,372.6,4733400,372.55,372.75,59165400,1050,2100,COALINDIA,27-FEB-2025
2025-02-03 10:23:00.758178,COALINDIA27FEB25F,FUTSTK,372.6,4733400,372.55,372.7,59165400,2100,2100,COALINDIA,27-FEB-2025
2025-02-03 10:23:16.141039,COALINDIA27FEB25F,FUTSTK,372.7,4738650,372.6,372.75,59165400,2100,2100,COALINDIA,27-FEB-2025
2025-02-03 10:23:27.665979,COALINDIA27FEB25F,FUTSTK,372.2,4740750,372.1,372.3,59165400,1050,2100,COALINDIA,27-FEB-2025
2025-02-03 10:23:36.807836,COALINDIA27FEB25F,FUTSTK,372.05,4746000,371.9,372.1,59165400,1050,2100,COALINDIA,27-FEB-2025
2025-02-03 10:23:44.926093,COALINDIA27FEB25F,FUTSTK,372.05,4746000,371.8,371.95,59165400,1050,3150,COALINDIA,27-FEB-2025
2025-02-03 10:23:52.543264,COALINDIA27FEB25F,FUTSTK,371.8,4749150,371.7,371.85,59165400,1050,1050,COALINDIA,27-FEB-2025
2025-02-03 10:24:00.043997,COALINDIA27FEB25F,FUTSTK,371.8,4749150,371.7,371.9,59165400,2100,4200,COALINDIA,27-FEB-2025
2025-02-03 10:24:07.307141,COALINDIA27FEB25F,FUTSTK,371.9,4750200,371.65,371.8,59165400,2100,2100,COALINDIA,27-FEB-2025
2025-02-03 10:24:14.726965,COALINDIA27FEB25F,FUTSTK,371.9,4750200,371.65,371.8,59165400,1050,1050,COALINDIA,27-FEB-2025
2025-02-03 10:24:22.364621,COALINDIA27FEB25F,FUTSTK,371.8,4751250,371.5,371.7,59165400,1050,1050,COALINDIA,27-FEB-2025
2025-02-03 10:24:29.755665,COALINDIA27FEB25F,FUTSTK,371.8,4751250,371.5,371.7,59165400,2100,1050,COALINDIA,27-FEB-2025
2025-02-03 10:24:37.052856,COALINDIA27FEB25F,FUTSTK,371.8,4751250,371.7,371.9,59165400,1050,1050,COALINDIA,27-FEB-2025
2025-02-03 10:24:44.542676,COALINDIA27FEB25F,FUTSTK,372.05,4751250,371.7,371.9,59165400,1050,1050,COALINDIA,27-FEB-2025
2025-02-03 10:24:52.378731,COALINDIA27FEB25F,FUTSTK,372.1,4756500,371.85,372.05,59160150,2100,1050,COALINDIA,27-FEB-2025
2025-02-03 10:25:00.838252,COALINDIA27FEB25F,FUTSTK,372.15,4756500,371.85,372.05,59160150,2100,1050,COALINDIA,27-FEB-2025
2025-02-03 10:25:08.191938,COALINDIA27FEB25F,FUTSTK,372.15,4756500,371.85,372.05,59160150,2100,1050,COALINDIA,27-FEB-2025
2025-02-03 10:25:15.753799,COALINDIA27FEB25F,FUTSTK,372.15,4756500,371.85,372.05,59160150,2100,1050,COALINDIA,27-FEB-2025
2025-02-03 10:25:23.271680,COALINDIA27FEB25F,FUTSTK,372.0,4758600,372.0,372.2,59160150,2100,1050,COALINDIA,27-FEB-2025
2025-02-03 10:25:31.114095,COALINDIA27FEB25F,FUTSTK,372.1,4758600,372.0,372.2,59160150,2100,1050,COALINDIA,27-FEB-2025
2025-02-03 10:25:38.458326,COALINDIA27FEB25F,FUTSTK,372.1,4758600,372.0,372.2,59160150,2100,1050,COALINDIA,27-FEB-2025
2025-02-03 10:25:45.835804,COALINDIA27FEB25F,FUTSTK,372.1,4765950,372.05,372.25,59160150,2100,2100,COALINDIA,27-FEB-2025
2025-02-03 10:25:53.373129,COALINDIA27FEB25F,FUTSTK,372.05,4767000,371.95,372.15,59160150,2100,1050,COALINDIA,27-FEB-2025
2025-02-03 10:26:02.245233,COALINDIA27FEB25F,FUTSTK,372.05,4767000,372.05,372.15,59160150,1050,1050,COALINDIA,27-FEB-2025
2025-02-03 10:26:09.671504,COALINDIA27FEB25F,FUTSTK,372.15,4768050,371.95,372.2,59160150,2100,3150,COALINDIA,27-FEB-2025
2025-02-03 10:26:17.058369,COALINDIA27FEB25F,FUTSTK,372.15,4770150,372.15,372.25,59160150,2100,1050,COALINDIA,27-FEB-2025
2025-02-03 10:26:24.707697,COALINDIA27FEB25F,FUTSTK,372.25,4779600,372.15,372.35,59160150,2100,1050,COALINDIA,27-FEB-2025
2025-02-03 10:26:33.396854,COALINDIA27FEB25F,FUTSTK,372.45,4784850,372.2,372.45,59160150,1050,3150,COALINDIA,27-FEB-2025
2025-02-03 10:26:42.344861,COALINDIA27FEB25F,FUTSTK,372.15,4784850,372.15,372.35,59160150,2100,1050,COALINDIA,27-FEB-2025
2025-02-03 10:26:51.931419,COALINDIA27FEB25F,FUTSTK,372.0,4786950,371.85,372.05,59160150,1050,1050,COALINDIA,27-FEB-2025
2025-02-03 10:27:02.235984,COALINDIA27FEB25F,FUTSTK,371.8,4786950,371.85,372.05,59160150,1050,1050,COALINDIA,27-FEB-2025
2025-02-03 10:27:13.185328,COALINDIA27FEB25F,FUTSTK,371.9,4786950,371.85,372.05,59160150,1050,1050,COALINDIA,27-FEB-2025
2025-02-03 10:27:22.645118,COALINDIA27FEB25F,FUTSTK,371.9,4791150,371.8,372.0,59160150,1050,3150,COALINDIA,27-FEB-2025
2025-02-03 10:27:30.097339,COALINDIA27FEB25F,FUTSTK,371.85,4791150,371.8,372.0,59160150,1050,3150,COALINDIA,27-FEB-2025
2025-02-03 10:27:38.016688,COALINDIA27FEB25F,FUTSTK,371.85,4791150,371.8,372.0,59160150,1050,3150,COALINDIA,27-FEB-2025
2025-02-03 10:27:45.423692,COALINDIA27FEB25F,FUTSTK,371.85,4791150,371.8,372.0,59160150,1050,3150,COALINDIA,27-FEB-2025
2025-02-03 10:27:52.543148,COALINDIA27FEB25F,FUTSTK,371.6,4794300,371.65,371.8,59168550,1050,1050,COALINDIA,27-FEB-2025
2025-02-03 10:27:59.841599,COALINDIA27FEB25F,FUTSTK,371.6,4794300,371.65,371.8,59168550,1050,1050,COALINDIA,27-FEB-2025
2025-02-03 10:28:07.110348,COALINDIA27FEB25F,FUTSTK,371.65,4794300,371.65,371.8,59168550,1050,1050,COALINDIA,27-FEB-2025
2025-02-03 10:28:14.591597,COALINDIA27FEB25F,FUTSTK,371.7,4794300,371.65,371.8,59168550,1050,1050,COALINDIA,27-FEB-2025
2025-02-03 10:28:22.138321,COALINDIA27FEB25F,FUTSTK,371.7,4800600,371.6,371.85,59168550,2100,2100,COALINDIA,27-FEB-2025
2025-02-03 10:28:29.320161,COALINDIA27FEB25F,FUTSTK,371.65,4800600,371.6,371.85,59168550,2100,2100,COALINDIA,27-FEB-2025
2025-02-03 10:28:36.598619,COALINDIA27FEB25F,FUTSTK,371.6,4800600,371.6,371.85,59168550,2100,2100,COALINDIA,27-FEB-2025
2025-02-03 10:28:43.862333,COALINDIA27FEB25F,FUTSTK,371.75,4800600,371.6,371.85,59168550,2100,2100,COALINDIA,27-FEB-2025
2025-02-03 10:28:52.193863,COALINDIA27FEB25F,FUTSTK,371.5,4810050,371.4,371.6,59168550,1050,2100,COALINDIA,27-FEB-2025
2025-02-03 10:29:06.011085,COALINDIA27FEB25F,FUTSTK,371.25,4810050,371.4,371.6,59168550,1050,2100,COALINDIA,27-FEB-2025
2025-02-03 10:29:18.686028,COALINDIA27FEB25F,FUTSTK,371.1,4810050,371.4,371.6,59168550,1050,2100,COALINDIA,27-FEB-2025
2025-02-03 10:29:26.802774,COALINDIA27FEB25F,FUTSTK,371.2,4819500,371.1,371.3,59168550,1050,2100,COALINDIA,27-FEB-2025
2025-02-03 10:29:34.444191,COALINDIA27FEB25F,FUTSTK,371.35,4822650,371.3,371.5,59168550,2100,1050,COALINDIA,27-FEB-2025
2025-02-03 10:29:47.331509,COALINDIA27FEB25F,FUTSTK,371.5,4824750,371.2,371.45,59168550,3150,3150,COALINDIA,27-FEB-2025
2025-02-03 10:29:55.543665,COALINDIA27FEB25F,FUTSTK,371.5,4824750,371.3,371.4,59168550,1050,2100,COALINDIA,27-FEB-2025
2025-02-03 10:30:03.028967,COALINDIA27FEB25F,FUTSTK,371.3,4827900,371.35,371.45,59168550,3150,1050,COALINDIA,27-FEB-2025
2025-02-03 10:30:10.330164,COALINDIA27FEB25F,FUTSTK,371.45,4828950,371.6,371.7,59168550,1050,1050,COALINDIA,27-FEB-2025
2025-02-03 10:30:17.771943,COALINDIA27FEB25F,FUTSTK,371.8,4828950,371.8,371.95,59168550,1050,1050,COALINDIA,27-FEB-2025
2025-02-03 10:30:26.382670,COALINDIA27FEB25F,FUTSTK,371.95,4836300,371.65,371.8,59168550,1050,1050,COALINDIA,27-FEB-2025
2025-02-03 10:30:33.583077,COALINDIA27FEB25F,FUTSTK,371.4,4841550,371.35,371.6,59168550,2100,1050,COALINDIA,27-FEB-2025
2025-02-03 10:30:40.931621,COALINDIA27FEB25F,FUTSTK,371.45,4842600,371.5,371.75,59168550,1050,3150,COALINDIA,27-FEB-2025
2025-02-03 10:30:48.442700,COALINDIA27FEB25F,FUTSTK,371.4,4844700,371.35,371.6,59182200,1050,1050,COALINDIA,27-FEB-2025
2025-02-03 10:30:55.665085,COALINDIA27FEB25F,FUTSTK,371.4,4844700,371.5,371.65,59182200,1050,1050,COALINDIA,27-FEB-2025
2025-02-03 10:31:02.919510,COALINDIA27FEB25F,FUTSTK,371.45,4848900,371.45,371.65,59182200,2100,1050,COALINDIA,27-FEB-2025
2025-02-03 10:31:10.659177,COALINDIA27FEB25F,FUTSTK,371.7,4851000,371.6,371.85,59182200,2100,1050,COALINDIA,27-FEB-2025
2025-02-03 10:31:17.999690,COALINDIA27FEB25F,FUTSTK,371.7,4852050,371.6,371.8,59182200,1050,2100,COALINDIA,27-FEB-2025
2025-02-03 10:31:25.212012,COALINDIA27FEB25F,FUTSTK,371.7,4852050,371.65,371.8,59182200,2100,1050,COALINDIA,27-FEB-2025
2025-02-03 10:31:32.599917,COALINDIA27FEB25F,FUTSTK,371.8,4853100,371.8,372.0,59182200,1050,2100,COALINDIA,27-FEB-2025
2025-02-03 10:31:39.785422,COALINDIA27FEB25F,FUTSTK,371.8,4854150,371.75,372.0,59182200,3150,2100,COALINDIA,27-FEB-2025
2025-02-03 10:31:47.504368,COALINDIA27FEB25F,FUTSTK,371.55,4898250,371.4,371.55,59193750,4200,3150,COALINDIA,27-FEB-2025
2025-02-03 10:34:39.459336,COALINDIA27FEB25F,FUTSTK,371.55,4901400,371.65,371.85,59193750,1050,1050,COALINDIA,27-FEB-2025
2025-02-03 10:34:47.380841,COALINDIA27FEB25F,FUTSTK,371.9,4901400,371.75,371.9,59193750,2100,2100,COALINDIA,27-FEB-2025
2025-02-03 10:34:55.544434,COALINDIA27FEB25F,FUTSTK,371.9,4903500,371.9,372.1,59193750,2100,1050,COALINDIA,27-FEB-2025
2025-02-03 10:35:02.912994,COALINDIA27FEB25F,FUTSTK,371.9,4904550,371.9,372.15,59193750,2100,2100,COALINDIA,27-FEB-2025
2025-02-03 10:35:10.149801,COALINDIA27FEB25F,FUTSTK,372.1,4907700,372.1,372.3,59193750,2100,2100,COALINDIA,27-FEB-2025
2025-02-03 10:35:17.465433,COALINDIA27FEB25F,FUTSTK,372.0,4993800,371.85,372.05,59195850,1050,2100,COALINDIA,27-FEB-2025
2025-02-03 10:38:26.386442,COALINDIA27FEB25F,FUTSTK,372.05,4993800,371.85,372.05,59195850,1050,2100,COALINDIA,27-FEB-2025
2025-02-03 10:38:34.112239,COALINDIA27FEB25F,FUTSTK,372.15,4993800,371.85,372.05,59195850,1050,2100,COALINDIA,27-FEB-2025
2025-02-03 10:38:42.300738,COALINDIA27FEB25F,FUTSTK,371.9,4993800,371.85,372.05,59195850,1050,2100,COALINDIA,27-FEB-2025
2025-02-03 10:38:50.063996,COALINDIA27FEB25F,FUTSTK,372.0,5005350,371.85,372.0,59195850,2100,2100,COALINDIA,27-FEB-2025
2025-02-03 10:38:57.994676,COALINDIA27FEB25F,FUTSTK,372.0,5005350,371.85,372.0,59195850,2100,2100,COALINDIA,27-FEB-2025
2025-02-03 10:40:50.489871,COALINDIA27FEB25F,FUTSTK,372.05,5022150,371.95,372.05,59208450,1050,1050,COALINDIA,27-FEB-2025
2025-02-03 10:40:58.274419,COALINDIA27FEB25F,FUTSTK,372.3,5022150,371.95,372.05,59208450,1050,1050,COALINDIA,27-FEB-2025
2025-02-03 10:41:06.782384,COALINDIA27FEB25F,FUTSTK,372.4,5022150,371.95,372.05,59208450,1050,1050,COALINDIA,27-FEB-2025
2025-02-03 10:41:15.906003,COALINDIA27FEB25F,FUTSTK,372.05,5029500,372.1,372.3,59208450,1050,1050,COALINDIA,27-FEB-2025
2025-02-03 10:43:59.322773,COALINDIA27FEB25F,FUTSTK,373.2,5084100,373.15,373.3,59181150,1050,1050,COALINDIA,27-FEB-2025
2025-02-03 10:44:07.423169,COALINDIA27FEB25F,FUTSTK,373.3,5085150,373.25,373.4,59181150,1050,1050,COALINDIA,27-FEB-2025
2025-02-03 10:44:20.497011,COALINDIA27FEB25F,FUTSTK,373.5,5091450,373.45,373.65,59181150,1050,1050,COALINDIA,27-FEB-2025
2025-02-03 10:44:31.557140,COALINDIA27FEB25F,FUTSTK,373.7,5094600,373.45,373.7,59181150,3150,1050,COALINDIA,27-FEB-2025
2025-02-03 10:44:43.687728,COALINDIA27FEB25F,FUTSTK,373.4,5110350,373.25,373.5,59181150,1050,1050,COALINDIA,27-FEB-2025
2025-02-03 10:44:52.224325,COALINDIA27FEB25F,FUTSTK,373.5,5111400,373.4,373.6,59181150,1050,3150,COALINDIA,27-FEB-2025
2025-02-03 10:45:01.619077,COALINDIA27FEB25F,FUTSTK,373.6,5111400,373.4,373.6,59181150,1050,3150,COALINDIA,27-FEB-2025
2025-02-03 10:45:09.453176,COALINDIA27FEB25F,FUTSTK,373.65,5111400,373.4,373.6,59181150,1050,3150,COALINDIA,27-FEB-2025
2025-02-03 12:02:22.495489,COALINDIA27FEB25F,FUTSTK,374.0,6306300,373.85,374.0,59175900,2100,2100,COALINDIA,27-FEB-2025
2025-02-03 12:02:29.160118,COALINDIA27FEB25F,FUTSTK,374.0,6306300,373.8,374.0,59175900,1050,2100,COALINDIA,27-FEB-2025
2025-02-03 12:02:35.537620,COALINDIA27FEB25F,FUTSTK,374.0,6306300,373.75,373.9,59175900,1050,1050,COALINDIA,27-FEB-2025
2025-02-03 12:02:41.835332,COALINDIA27FEB25F,FUTSTK,374.0,6306300,373.75,373.9,59175900,1050,1050,COALINDIA,27-FEB-2025
2025-02-03 12:02:48.310071,COALINDIA27FEB25F,FUTSTK,373.75,6306300,373.75,373.9,59175900,1050,1050,COALINDIA,27-FEB-2025
2025-02-03 12:02:54.442539,COALINDIA27FEB25F,FUTSTK,373.8,6306300,373.75,373.9,59175900,1050,1050,COALINDIA,27-FEB-2025
2025-02-03 12:03:01.072712,COALINDIA27FEB25F,FUTSTK,373.8,6306300,373.75,373.9,59175900,1050,1050,COALINDIA,27-FEB-2025
2025-02-03 12:03:07.547840,COALINDIA27FEB25F,FUTSTK,373.8,6308400,373.55,373.75,59175900,3150,2100,COALINDIA,27-FEB-2025
2025-02-03 12:03:14.798111,COALINDIA27FEB25F,FUTSTK,373.5,6308400,373.55,373.75,59175900,3150,2100,COALINDIA,27-FEB-2025
2025-02-03 12:03:23.493666,COALINDIA27FEB25F,FUTSTK,373.5,6308400,373.55,373.75,59175900,3150,2100,COALINDIA,27-FEB-2025
2025-02-03 12:03:31.167340,COALINDIA27FEB25F,FUTSTK,373.4,6308400,373.55,373.75,59175900,3150,2100,COALINDIA,27-FEB-2025
2025-02-03 12:03:37.577525,COALINDIA27FEB25F,FUTSTK,373.5,6311550,373.35,373.5,59175900,3150,1050,COALINDIA,27-FEB-2025
2025-02-03 12:03:44.256401,COALINDIA27FEB25F,FUTSTK,373.5,6311550,373.35,373.5,59175900,3150,1050,COALINDIA,27-FEB-2025
2025-02-03 12:03:50.940092,COALINDIA27FEB25F,FUTSTK,373.5,6311550,373.35,373.5,59175900,3150,1050,COALINDIA,27-FEB-2025
2025-02-03 12:03:57.496482,COALINDIA27FEB25F,FUTSTK,373.5,6311550,373.35,373.5,59175900,3150,1050,COALINDIA,27-FEB-2025
2025-02-03 12:04:04.124672,COALINDIA27FEB25F,FUTSTK,373.5,6313650,373.45,373.65,59175900,1050,2100,COALINDIA,27-FEB-2025
2025-02-03 12:04:10.517507,COALINDIA27FEB25F,FUTSTK,373.5,6313650,373.45,373.65,59175900,1050,2100,COALINDIA,27-FEB-2025
2025-02-03 12:04:17.082864,COALINDIA27FEB25F,FUTSTK,373.45,6313650,373.45,373.65,59175900,1050,2100,COALINDIA,27-FEB-2025
2025-02-03 12:04:23.491034,COALINDIA27FEB25F,FUTSTK,373.45,6313650,373.45,373.65,59175900,1050,2100,COALINDIA,27-FEB-2025
2025-02-03 12:04:30.613074,COALINDIA27FEB25F,FUTSTK,373.45,6314700,373.3,373.5,59175900,1050,2100,COALINDIA,27-FEB-2025
2025-02-03 12:04:39.374480,COALINDIA27FEB25F,FUTSTK,373.45,6314700,373.3,373.5,59175900,1050,2100,COALINDIA,27-FEB-2025
2025-02-03 12:04:47.358396,COALINDIA27FEB25F,FUTSTK,373.45,6314700,373.3,373.5,59175900,1050,2100,COALINDIA,27-FEB-2025
2025-02-03 12:04:53.723411,COALINDIA27FEB25F,FUTSTK,373.45,6314700,373.3,373.5,59175900,1050,2100,COALINDIA,27-FEB-2025
2025-02-03 12:05:00.218201,COALINDIA27FEB25F,FUTSTK,373.45,6314700,373.35,373.55,59175900,1050,1050,COALINDIA,27-FEB-2025
2025-02-03 12:05:06.863694,COALINDIA27FEB25F,FUTSTK,373.6,6314700,373.35,373.55,59175900,1050,1050,COALINDIA,27-FEB-2025
2025-02-03 12:05:13.487224,COALINDIA27FEB25F,FUTSTK,373.4,6314700,373.35,373.55,59175900,1050,1050,COALINDIA,27-FEB-2025
2025-02-03 12:05:20.337355,COALINDIA27FEB25F,FUTSTK,373.35,6314700,373.35,373.55,59175900,1050,1050,COALINDIA,27-FEB-2025
2025-02-03 12:05:27.104185,COALINDIA27FEB25F,FUTSTK,373.35,6317850,373.25,373.45,59175900,1050,3150,COALINDIA,27-FEB-2025
2025-02-03 12:05:33.677661,COALINDIA27FEB25F,FUTSTK,373.35,6317850,373.25,373.45,59175900,1050,3150,COALINDIA,27-FEB-2025
2025-02-03 12:05:40.181061,COALINDIA27FEB25F,FUTSTK,373.55,6317850,373.25,373.45,59175900,1050,3150,COALINDIA,27-FEB-2025
2025-02-03 12:05:47.118992,COALINDIA27FEB25F,FUTSTK,373.55,6317850,373.25,373.45,59175900,1050,3150,COALINDIA,27-FEB-2025
2025-02-03 12:05:55.774945,COALINDIA27FEB25F,FUTSTK,373.55,6327300,373.3,373.45,59175900,1050,4200,COALINDIA,27-FEB-2025
2025-02-03 12:06:03.408807,COALINDIA27FEB25F,FUTSTK,373.55,6327300,373.3,373.45,59175900,1050,4200,COALINDIA,27-FEB-2025
2025-02-03 12:06:10.120414,COALINDIA27FEB25F,FUTSTK,373.55,6327300,373.3,373.45,59175900,1050,4200,COALINDIA,27-FEB-2025
2025-02-03 12:06:17.162783,COALINDIA27FEB25F,FUTSTK,373.45,6327300,373.3,373.45,59175900,1050,4200,COALINDIA,27-FEB-2025
2025-02-03 12:06:23.545967,COALINDIA27FEB25F,FUTSTK,373.45,6330450,373.5,373.7,59175900,1050,2100,COALINDIA,27-FEB-2025
2025-02-03 12:06:30.116975,COALINDIA27FEB25F,FUTSTK,373.5,6330450,373.5,373.7,59175900,1050,2100,COALINDIA,27-FEB-2025
2025-02-03 12:06:36.843339,COALINDIA27FEB25F,FUTSTK,373.5,6330450,373.5,373.7,59175900,1050,2100,COALINDIA,27-FEB-2025
2025-02-03 12:06:43.874922,COALINDIA27FEB25F,FUTSTK,373.5,6330450,373.5,373.7,59175900,1050,2100,COALINDIA,27-FEB-2025
2025-02-03 12:06:50.781930,COALINDIA27FEB25F,FUTSTK,373.5,6332550,373.4,373.55,59175900,1050,1050,COALINDIA,27-FEB-2025
2025-02-03 12:06:59.984782,COALINDIA27FEB25F,FUTSTK,373.5,6332550,373.4,373.55,59175900,1050,1050,COALINDIA,27-FEB-2025
2025-02-03 12:07:09.193038,COALINDIA27FEB25F,FUTSTK,373.4,6332550,373.4,373.55,59165400,1050,1050,COALINDIA,27-FEB-2025
2025-02-03 12:07:16.901949,COALINDIA27FEB25F,FUTSTK,373.4,6333600,373.3,373.45,59165400,1050,1050,COALINDIA,27-FEB-2025
2025-02-03 12:07:24.395123,COALINDIA27FEB25F,FUTSTK,373.4,6333600,373.3,373.45,59165400,1050,1050,COALINDIA,27-FEB-2025
2025-02-03 12:07:31.915628,COALINDIA27FEB25F,FUTSTK,373.3,6333600,373.3,373.45,59165400,1050,1050,COALINDIA,27-FEB-2025
2025-02-03 12:07:39.628928,COALINDIA27FEB25F,FUTSTK,373.3,6333600,373.3,373.45,59165400,1050,1050,COALINDIA,27-FEB-2025
2025-02-03 12:07:46.876476,COALINDIA27FEB25F,FUTSTK,373.3,6334650,373.15,373.35,59165400,3150,3150,COALINDIA,27-FEB-2025
2025-02-03 12:07:54.338502,COALINDIA27FEB25F,FUTSTK,373.3,6334650,373.15,373.35,59165400,3150,3150,COALINDIA,27-FEB-2025
2025-02-03 12:08:01.752295,COALINDIA27FEB25F,FUTSTK,373.3,6334650,373.15,373.35,59165400,3150,3150,COALINDIA,27-FEB-2025
2025-02-03 12:08:09.972501,COALINDIA27FEB25F,FUTSTK,373.3,6334650,373.15,373.35,59165400,3150,3150,COALINDIA,27-FEB-2025
2025-02-03 12:08:17.972200,COALINDIA27FEB25F,FUTSTK,373.3,6334650,373.15,373.3,59165400,1050,2100,COALINDIA,27-FEB-2025
2025-02-03 12:08:26.746816,COALINDIA27FEB25F,FUTSTK,373.3,6334650,373.15,373.3,59165400,1050,2100,COALINDIA,27-FEB-2025
2025-02-03 12:08:34.261976,COALINDIA27FEB25F,FUTSTK,372.7,6334650,373.15,373.3,59165400,1050,2100,COALINDIA,27-FEB-2025
2025-02-03 12:08:40.760716,COALINDIA27FEB25F,FUTSTK,372.7,6344100,372.5,372.65,59165400,1050,2100,COALINDIA,27-FEB-2025
2025-02-03 12:08:47.420881,COALINDIA27FEB25F,FUTSTK,372.5,6345150,372.2,372.4,59165400,1050,2100,COALINDIA,27-FEB-2025
2025-02-03 12:08:53.698292,COALINDIA27FEB25F,FUTSTK,372.35,6346200,372.2,372.4,59165400,1050,1050,COALINDIA,27-FEB-2025
2025-02-03 12:09:00.068386,COALINDIA27FEB25F,FUTSTK,372.35,6346200,372.3,372.5,59165400,1050,2100,COALINDIA,27-FEB-2025
2025-02-03 12:09:06.319953,COALINDIA27FEB25F,FUTSTK,372.35,6347250,372.2,372.4,59165400,3150,1050,COALINDIA,27-FEB-2025
2025-02-03 12:09:12.515053,COALINDIA27FEB25F,FUTSTK,372.35,6347250,372.25,372.45,59165400,1050,2100,COALINDIA,27-FEB-2025
2025-02-03 12:09:18.854341,COALINDIA27FEB25F,FUTSTK,372.55,6349350,372.55,372.75,59165400,1050,3150,COALINDIA,27-FEB-2025
2025-02-03 12:09:25.053807,COALINDIA27FEB25F,FUTSTK,372.55,6350400,372.6,372.75,59165400,1050,1050,COALINDIA,27-FEB-2025
2025-02-03 12:09:31.513459,COALINDIA27FEB25F,FUTSTK,372.55,6350400,372.5,372.7,59165400,2100,1050,COALINDIA,27-FEB-2025
2025-02-03 12:09:39.324431,COALINDIA27FEB25F,FUTSTK,372.65,6351450,372.55,372.8,59165400,5250,4200,COALINDIA,27-FEB-2025
2025-02-03 12:09:47.911842,COALINDIA27FEB25F,FUTSTK,372.65,6351450,372.6,372.85,59165400,2100,1050,COALINDIA,27-FEB-2025
2025-02-03 12:09:55.334552,COALINDIA27FEB25F,FUTSTK,372.65,6351450,372.75,372.95,59165400,1050,2100,COALINDIA,27-FEB-2025
2025-02-03 12:10:01.717189,COALINDIA27FEB25F,FUTSTK,372.75,6353550,372.6,372.8,59165400,2100,1050,COALINDIA,27-FEB-2025
2025-02-03 12:10:08.135247,COALINDIA27FEB25F,FUTSTK,372.75,6353550,372.75,372.95,59165400,1050,2100,COALINDIA,27-FEB-2025
2025-02-03 12:10:14.477131,COALINDIA27FEB25F,FUTSTK,372.75,6354600,372.55,372.7,59167500,1050,1050,COALINDIA,27-FEB-2025
2025-02-03 12:10:20.703987,COALINDIA27FEB25F,FUTSTK,372.55,6355650,372.6,372.8,59167500,2100,2100,COALINDIA,27-FEB-2025
2025-02-03 12:10:26.951573,COALINDIA27FEB25F,FUTSTK,372.55,6355650,372.6,372.8,59167500,2100,1050,COALINDIA,27-FEB-2025
2025-02-03 12:10:33.174260,COALINDIA27FEB25F,FUTSTK,372.55,6355650,372.6,372.75,59167500,1050,1050,COALINDIA,27-FEB-2025
2025-02-03 12:10:41.199737,COALINDIA27FEB25F,FUTSTK,372.75,6356700,372.7,372.9,59167500,2100,1050,COALINDIA,27-FEB-2025
2025-02-03 12:10:47.779677,COALINDIA27FEB25F,FUTSTK,372.75,6356700,372.65,372.85,59167500,1050,2100,COALINDIA,27-FEB-2025
2025-02-03 12:10:55.186393,COALINDIA27FEB25F,FUTSTK,372.75,6356700,372.6,372.85,59167500,1050,3150,COALINDIA,27-FEB-2025
2025-02-03 12:11:03.632710,COALINDIA27FEB25F,FUTSTK,372.75,6356700,372.55,372.75,59167500,2100,2100,COALINDIA,27-FEB-2025
2025-02-03 12:11:11.054897,COALINDIA27FEB25F,FUTSTK,372.75,6356700,372.6,372.8,59167500,1050,2100,COALINDIA,27-FEB-2025
2025-02-03 12:11:17.364811,COALINDIA27FEB25F,FUTSTK,372.75,6356700,372.65,372.85,59167500,2100,2100,COALINDIA,27-FEB-2025
2025-02-03 12:11:23.650592,COALINDIA27FEB25F,FUTSTK,372.75,6356700,372.65,372.9,59167500,4200,1050,COALINDIA,27-FEB-2025
2025-02-03 12:11:29.838463,COALINDIA27FEB25F,FUTSTK,372.75,6356700,372.7,372.9,59167500,1050,2100,COALINDIA,27-FEB-2025
2025-02-03 12:11:36.179363,COALINDIA27FEB25F,FUTSTK,372.75,6356700,372.65,372.9,59167500,2100,3150,COALINDIA,27-FEB-2025
2025-02-03 12:11:42.521041,COALINDIA27FEB25F,FUTSTK,372.75,6356700,372.7,372.9,59167500,1050,2100,COALINDIA,27-FEB-2025
2025-02-03 12:11:48.827884,COALINDIA27FEB25F,FUTSTK,372.75,6356700,372.7,372.9,59167500,1050,2100,COALINDIA,27-FEB-2025
2025-02-03 12:11:55.420623,COALINDIA27FEB25F,FUTSTK,372.75,6356700,372.7,372.9,59167500,1050,2100,COALINDIA,27-FEB-2025
2025-02-03 12:12:01.934417,COALINDIA27FEB25F,FUTSTK,372.75,6356700,372.65,372.85,59167500,2100,1050,COALINDIA,27-FEB-2025
2025-02-03 12:12:08.113975,COALINDIA27FEB25F,FUTSTK,372.65,6356700,372.65,372.85,59167500,2100,1050,COALINDIA,27-FEB-2025
2025-02-03 12:12:16.718988,COALINDIA27FEB25F,FUTSTK,372.65,6356700,372.65,372.85,59167500,2100,1050,COALINDIA,27-FEB-2025
2025-02-03 12:12:24.389120,COALINDIA27FEB25F,FUTSTK,372.7,6356700,372.65,372.85,59167500,2100,1050,COALINDIA,27-FEB-2025
2025-02-03 12:12:30.725101,COALINDIA27FEB25F,FUTSTK,372.7,6359850,372.55,372.75,59167500,1050,2100,COALINDIA,27-FEB-2025
2025-02-03 12:12:36.882144,COALINDIA27FEB25F,FUTSTK,372.7,6359850,372.55,372.75,59167500,1050,2100,COALINDIA,27-FEB-2025
2025-02-03 12:12:43.100752,COALINDIA27FEB25F,FUTSTK,372.7,6359850,372.55,372.75,59167500,1050,2100,COALINDIA,27-FEB-2025
2025-02-03 12:12:49.447816,COALINDIA27FEB25F,FUTSTK,372.7,6359850,372.55,372.75,59167500,1050,2100,COALINDIA,27-FEB-2025
2025-02-03 12:12:55.589660,COALINDIA27FEB25F,FUTSTK,372.7,6359850,372.55,372.65,59167500,2100,1050,COALINDIA,27-FEB-2025
2025-02-03 12:13:01.720395,COALINDIA27FEB25F,FUTSTK,372.55,6359850,372.55,372.65,59167500,2100,1050,COALINDIA,27-FEB-2025
2025-02-03 12:13:07.969203,COALINDIA27FEB25F,FUTSTK,372.55,6359850,372.55,372.65,59167500,2100,1050,COALINDIA,27-FEB-2025
2025-02-03 12:13:14.706528,COALINDIA27FEB25F,FUTSTK,372.55,6359850,372.55,372.65,59167500,2100,1050,COALINDIA,27-FEB-2025
2025-02-03 12:13:20.903039,COALINDIA27FEB25F,FUTSTK,372.75,6365100,372.7,372.9,59163300,1050,3150,COALINDIA,27-FEB-2025
2025-02-03 12:13:28.713410,COALINDIA27FEB25F,FUTSTK,372.75,6365100,372.7,372.9,59163300,1050,3150,COALINDIA,27-FEB-2025
2025-02-03 12:13:36.668911,COALINDIA27FEB25F,FUTSTK,372.9,6365100,372.7,372.9,59163300,1050,3150,COALINDIA,27-FEB-2025
2025-02-03 12:13:43.715750,COALINDIA27FEB25F,FUTSTK,372.9,6366150,372.7,372.9,59163300,1050,2100,COALINDIA,27-FEB-2025
2025-02-03 12:13:50.235930,COALINDIA27FEB25F,FUTSTK,372.9,6366150,372.7,372.9,59163300,1050,1050,COALINDIA,27-FEB-2025
2025-02-03 12:13:56.587088,COALINDIA27FEB25F,FUTSTK,372.9,6366150,372.8,373.0,59163300,2100,2100,COALINDIA,27-FEB-2025
2025-02-03 12:14:03.900102,COALINDIA27FEB25F,FUTSTK,372.9,6366150,372.85,373.05,59163300,2100,3150,COALINDIA,27-FEB-2025
2025-02-03 12:14:10.448915,COALINDIA27FEB25F,FUTSTK,372.9,6366150,373.05,373.25,59163300,2100,1050,COALINDIA,27-FEB-2025
2025-02-03 12:14:16.950709,COALINDIA27FEB25F,FUTSTK,373.05,6369300,372.95,373.15,59163300,1050,3150,COALINDIA,27-FEB-2025
2025-02-03 12:14:24.541553,COALINDIA27FEB25F,FUTSTK,373.1,6370350,372.9,373.15,59163300,1050,3150,COALINDIA,27-FEB-2025
2025-02-03 12:14:31.199731,COALINDIA27FEB25F,FUTSTK,373.1,6370350,372.9,373.15,59163300,1050,3150,COALINDIA,27-FEB-2025
2025-02-03 12:14:37.751088,COALINDIA27FEB25F,FUTSTK,373.1,6370350,372.9,373.0,59163300,1050,2100,COALINDIA,27-FEB-2025
2025-02-03 12:14:45.348502,COALINDIA27FEB25F,FUTSTK,372.9,6370350,372.9,372.95,59163300,1050,1050,COALINDIA,27-FEB-2025
2025-02-03 12:14:53.406093,COALINDIA27FEB25F,FUTSTK,372.95,6371400,372.75,372.95,59163300,1050,3150,COALINDIA,27-FEB-2025
2025-02-03 12:15:00.557362,COALINDIA27FEB25F,FUTSTK,372.95,6371400,372.75,372.95,59163300,1050,3150,COALINDIA,27-FEB-2025
2025-02-03 12:15:06.799970,COALINDIA27FEB25F,FUTSTK,372.95,6371400,372.75,372.95,59163300,1050,3150,COALINDIA,27-FEB-2025
2025-02-03 12:15:13.157010,COALINDIA27FEB25F,FUTSTK,372.95,6371400,372.75,372.95,59163300,1050,3150,COALINDIA,27-FEB-2025
2025-02-03 12:15:20.203286,COALINDIA27FEB25F,FUTSTK,372.95,6372450,372.8,372.95,59163300,1050,2100,COALINDIA,27-FEB-2025
2025-02-03 12:15:26.946202,COALINDIA27FEB25F,FUTSTK,372.95,6372450,372.8,372.95,59163300,1050,2100,COALINDIA,27-FEB-2025
2025-02-03 12:15:33.487346,COALINDIA27FEB25F,FUTSTK,372.95,6372450,372.8,372.95,59163300,1050,2100,COALINDIA,27-FEB-2025
2025-02-03 12:15:39.976742,COALINDIA27FEB25F,FUTSTK,372.95,6372450,372.8,372.95,59163300,1050,2100,COALINDIA,27-FEB-2025
2025-02-03 12:15:46.500406,COALINDIA27FEB25F,FUTSTK,372.95,6372450,372.8,373.05,59163300,2100,2100,COALINDIA,27-FEB-2025
2025-02-03 13:09:08.160236,COALINDIA27FEB25F,FUTSTK,373.25,6877500,373.15,373.35,59180100,2100,1050,COALINDIA,27-FEB-2025
2025-02-03 13:10:54.982493,COALINDIA27FEB25F,FUTSTK,373.25,6890100,373.45,373.65,59172750,2100,1050,COALINDIA,27-FEB-2025
2025-02-03 13:11:01.483146,COALINDIA27FEB25F,FUTSTK,373.2,6896400,373.05,373.2,59172750,1050,1050,COALINDIA,27-FEB-2025
2025-02-03 13:12:06.975173,COALINDIA27FEB25F,FUTSTK,373.35,6906900,373.25,373.4,59172750,2100,2100,COALINDIA,27-FEB-2025
2025-02-03 13:12:13.563337,COALINDIA27FEB25F,FUTSTK,373.35,6907950,373.25,373.4,59172750,1050,1050,COALINDIA,27-FEB-2025
2025-02-03 13:12:21.566476,COALINDIA27FEB25F,FUTSTK,373.35,6909000,373.25,373.4,59172750,1050,1050,COALINDIA,27-FEB-2025
2025-02-03 13:12:28.095515,COALINDIA27FEB25F,FUTSTK,373.2,6911100,373.15,373.3,59172750,1050,1050,COALINDIA,27-FEB-2025
2025-02-03 13:12:35.248046,COALINDIA27FEB25F,FUTSTK,373.3,6912150,373.2,373.3,59172750,1050,3150,COALINDIA,27-FEB-2025
2025-02-03 13:12:41.351801,COALINDIA27FEB25F,FUTSTK,373.3,6915300,373.2,373.35,59172750,2100,2100,COALINDIA,27-FEB-2025
2025-02-03 13:12:48.725243,COALINDIA27FEB25F,FUTSTK,373.4,6915300,373.2,373.35,59172750,2100,2100,COALINDIA,27-FEB-2025
2025-02-03 13:12:57.061552,COALINDIA27FEB25F,FUTSTK,373.4,6918450,373.25,373.45,59172750,3150,1050,COALINDIA,27-FEB-2025
2025-02-03 13:13:04.976348,COALINDIA27FEB25F,FUTSTK,373.45,6918450,373.25,373.45,59172750,3150,1050,COALINDIA,27-FEB-2025
2025-02-03 13:13:11.519569,COALINDIA27FEB25F,FUTSTK,373.55,6918450,373.25,373.45,59172750,3150,1050,COALINDIA,27-FEB-2025
2025-02-03 13:13:17.996264,COALINDIA27FEB25F,FUTSTK,373.6,6918450,373.25,373.45,59169600,3150,1050,COALINDIA,27-FEB-2025
2025-02-03 13:13:23.973374,COALINDIA27FEB25F,FUTSTK,373.6,6930000,373.55,373.75,59169600,2100,8400,COALINDIA,27-FEB-2025
2025-02-03 13:13:30.210383,COALINDIA27FEB25F,FUTSTK,373.6,6930000,373.55,373.75,59169600,2100,8400,COALINDIA,27-FEB-2025
2025-02-03 13:13:36.333333,COALINDIA27FEB25F,FUTSTK,373.6,6930000,373.55,373.75,59169600,2100,8400,COALINDIA,27-FEB-2025
2025-02-03 13:13:42.779416,COALINDIA27FEB25F,FUTSTK,373.8,6932100,373.75,373.9,59169600,2100,2100,COALINDIA,27-FEB-2025
2025-02-03 13:13:49.069028,COALINDIA27FEB25F,FUTSTK,373.75,6934200,373.65,373.8,59169600,1050,1050,COALINDIA,27-FEB-2025
2025-02-03 13:13:56.673382,COALINDIA27FEB25F,FUTSTK,373.75,6935250,373.65,373.8,59169600,2100,1050,COALINDIA,27-FEB-2025
2025-02-03 13:14:03.740793,COALINDIA27FEB25F,FUTSTK,373.8,6937350,373.7,373.85,59169600,1050,1050,COALINDIA,27-FEB-2025
2025-02-03 13:14:12.348317,COALINDIA27FEB25F,FUTSTK,373.8,6948900,373.65,373.85,59169600,2100,3150,COALINDIA,27-FEB-2025
2025-02-03 13:14:19.787887,COALINDIA27FEB25F,FUTSTK,373.85,6951000,373.65,373.85,59169600,2100,2100,COALINDIA,27-FEB-2025
2025-02-03 13:14:26.030632,COALINDIA27FEB25F,FUTSTK,373.85,6952050,373.7,373.85,59169600,1050,1050,COALINDIA,27-FEB-2025
2025-02-03 13:14:32.362911,COALINDIA27FEB25F,FUTSTK,373.85,6952050,373.7,373.85,59169600,1050,3150,COALINDIA,27-FEB-2025
2025-02-03 13:14:38.639461,COALINDIA27FEB25F,FUTSTK,373.65,6953100,373.65,373.85,59169600,1050,5250,COALINDIA,27-FEB-2025
2025-02-03 13:14:45.013626,COALINDIA27FEB25F,FUTSTK,373.65,6953100,373.7,373.85,59169600,1050,1050,COALINDIA,27-FEB-2025
2025-02-03 13:14:51.861991,COALINDIA27FEB25F,FUTSTK,373.9,6956250,373.7,373.85,59169600,1050,2100,COALINDIA,27-FEB-2025
2025-02-03 13:14:58.180985,COALINDIA27FEB25F,FUTSTK,373.9,6960450,373.7,373.9,59169600,1050,2100,COALINDIA,27-FEB-2025
2025-02-03 13:15:04.440904,COALINDIA27FEB25F,FUTSTK,373.9,6962550,373.7,373.85,59169600,3150,1050,COALINDIA,27-FEB-2025
2025-02-03 13:15:10.692247,COALINDIA27FEB25F,FUTSTK,373.9,6962550,373.7,373.85,59169600,1050,1050,COALINDIA,27-FEB-2025
2025-02-03 13:15:16.824503,COALINDIA27FEB25F,FUTSTK,373.75,6965700,373.65,373.85,59169600,2100,1050,COALINDIA,27-FEB-2025
2025-02-03 13:15:25.123495,COALINDIA27FEB25F,FUTSTK,373.75,6965700,373.65,373.85,59169600,1050,3150,COALINDIA,27-FEB-2025
2025-02-03 13:15:33.459915,COALINDIA27FEB25F,FUTSTK,373.65,6966750,373.65,373.85,59169600,2100,2100,COALINDIA,27-FEB-2025
2025-02-03 13:15:41.032587,COALINDIA27FEB25F,FUTSTK,373.6,6967800,373.6,373.7,59169600,1050,1050,COALINDIA,27-FEB-2025
2025-02-03 13:15:47.244282,COALINDIA27FEB25F,FUTSTK,373.6,6969900,373.55,373.7,59169600,1050,1050,COALINDIA,27-FEB-2025
2025-02-03 13:15:53.472636,COALINDIA27FEB25F,FUTSTK,373.5,6976200,373.5,373.7,59169600,1050,2100,COALINDIA,27-FEB-2025
2025-02-03 13:15:59.925373,COALINDIA27FEB25F,FUTSTK,373.5,6977250,373.4,373.6,59169600,1050,2100,COALINDIA,27-FEB-2025
2025-02-03 13:16:06.191434,COALINDIA27FEB25F,FUTSTK,373.5,6977250,373.4,373.6,59169600,4200,3150,COALINDIA,27-FEB-2025
2025-02-03 13:16:12.849391,COALINDIA27FEB25F,FUTSTK,373.5,6977250,373.45,373.6,59169600,1050,2100,COALINDIA,27-FEB-2025
2025-02-03 13:16:19.924427,COALINDIA27FEB25F,FUTSTK,373.5,6979350,373.4,373.6,59160150,2100,3150,COALINDIA,27-FEB-2025
2025-02-03 13:16:27.248636,COALINDIA27FEB25F,FUTSTK,373.6,6980400,373.45,373.6,59160150,2100,3150,COALINDIA,27-FEB-2025
2025-02-03 13:16:33.824304,COALINDIA27FEB25F,FUTSTK,373.6,6980400,373.45,373.6,59160150,2100,2100,COALINDIA,27-FEB-2025
2025-02-03 13:16:40.847391,COALINDIA27FEB25F,FUTSTK,373.75,6982500,373.55,373.75,59160150,4200,2100,COALINDIA,27-FEB-2025
2025-02-03 13:16:47.548584,COALINDIA27FEB25F,FUTSTK,373.65,6985650,373.6,373.8,59160150,4200,1050,COALINDIA,27-FEB-2025
2025-02-03 13:16:54.136902,COALINDIA27FEB25F,FUTSTK,373.8,6987750,373.65,373.85,59160150,2100,2100,COALINDIA,27-FEB-2025
2025-02-03 13:17:00.585656,COALINDIA27FEB25F,FUTSTK,373.8,6987750,373.65,373.85,59160150,1050,2100,COALINDIA,27-FEB-2025
2025-02-03 13:17:06.941623,COALINDIA27FEB25F,FUTSTK,373.65,6988800,373.6,373.75,59160150,2100,1050,COALINDIA,27-FEB-2025
2025-02-03 13:17:14.289780,COALINDIA27FEB25F,FUTSTK,373.6,6990900,373.55,373.8,59160150,4200,4200,COALINDIA,27-FEB-2025
2025-02-03 13:17:20.676920,COALINDIA27FEB25F,FUTSTK,373.6,6993000,373.55,373.75,59160150,2100,2100,COALINDIA,27-FEB-2025
2025-02-03 13:17:27.089729,COALINDIA27FEB25F,FUTSTK,373.55,6994050,373.55,373.75,59160150,3150,2100,COALINDIA,27-FEB-2025
2025-02-03 13:17:33.395518,COALINDIA27FEB25F,FUTSTK,373.55,6994050,373.55,373.75,59160150,2100,3150,COALINDIA,27-FEB-2025
2025-02-03 13:17:39.779757,COALINDIA27FEB25F,FUTSTK,373.5,6997200,373.45,373.65,59160150,1050,2100,COALINDIA,27-FEB-2025
2025-02-03 13:17:46.092434,COALINDIA27FEB25F,FUTSTK,373.5,6997200,373.45,373.65,59160150,1050,3150,COALINDIA,27-FEB-2025
2025-02-03 13:17:52.429219,COALINDIA27FEB25F,FUTSTK,373.5,6997200,373.4,373.6,59160150,5250,3150,COALINDIA,27-FEB-2025
2025-02-03 13:17:59.188757,COALINDIA27FEB25F,FUTSTK,373.55,7000350,373.45,373.65,59160150,1050,2100,COALINDIA,27-FEB-2025
2025-02-03 13:18:05.694481,COALINDIA27FEB25F,FUTSTK,373.45,7001400,373.45,373.65,59160150,3150,1050,COALINDIA,27-FEB-2025
2025-02-03 13:18:12.204483,COALINDIA27FEB25F,FUTSTK,373.45,7001400,373.4,373.5,59160150,1050,2100,COALINDIA,27-FEB-2025
2025-02-03 13:18:18.494409,COALINDIA27FEB25F,FUTSTK,373.4,7002450,373.3,373.5,59160150,3150,1050,COALINDIA,27-FEB-2025
2025-02-03 13:18:24.702243,COALINDIA27FEB25F,FUTSTK,373.5,7004550,373.45,373.55,59160150,1050,1050,COALINDIA,27-FEB-2025
2025-02-03 13:18:31.123235,COALINDIA27FEB25F,FUTSTK,373.55,7005600,373.55,373.65,59160150,2100,1050,COALINDIA,27-FEB-2025
2025-02-03 13:18:37.634491,COALINDIA27FEB25F,FUTSTK,373.5,7010850,373.4,373.55,59160150,1050,1050,COALINDIA,27-FEB-2025
2025-02-03 13:18:43.953525,COALINDIA27FEB25F,FUTSTK,373.4,7011900,373.4,373.5,59160150,1050,2100,COALINDIA,27-FEB-2025
2025-02-03 13:18:50.535270,COALINDIA27FEB25F,FUTSTK,373.4,7014000,373.35,373.45,59160150,1050,2100,COALINDIA,27-FEB-2025
2025-02-03 13:18:56.951202,COALINDIA27FEB25F,FUTSTK,373.35,7015050,373.2,373.4,59160150,4200,1050,COALINDIA,27-FEB-2025
2025-02-03 13:19:03.489672,COALINDIA27FEB25F,FUTSTK,373.35,7018200,373.2,373.35,59160150,1050,2100,COALINDIA,27-FEB-2025
2025-02-03 13:19:09.942267,COALINDIA27FEB25F,FUTSTK,373.35,7020300,373.25,373.4,59160150,1050,5250,COALINDIA,27-FEB-2025
2025-02-03 13:19:16.323081,COALINDIA27FEB25F,FUTSTK,373.35,7020300,373.25,373.4,59160150,1050,1050,COALINDIA,27-FEB-2025
2025-02-03 13:19:22.741035,COALINDIA27FEB25F,FUTSTK,373.25,7022400,373.2,373.4,59163300,3150,1050,COALINDIA,27-FEB-2025
2025-02-03 13:19:29.070981,COALINDIA27FEB25F,FUTSTK,373.25,7023450,373.1,373.3,59163300,2100,4200,COALINDIA,27-FEB-2025
2025-02-03 13:19:35.456421,COALINDIA27FEB25F,FUTSTK,373.05,7024500,373.05,373.2,59163300,1050,1050,COALINDIA,27-FEB-2025
2025-02-03 13:19:42.188868,COALINDIA27FEB25F,FUTSTK,373.05,7025550,373.0,373.2,59163300,5250,2100,COALINDIA,27-FEB-2025
2025-02-03 13:19:48.724003,COALINDIA27FEB25F,FUTSTK,373.05,7025550,373.0,373.15,59163300,1050,3150,COALINDIA,27-FEB-2025
2025-02-03 13:19:55.083237,COALINDIA27FEB25F,FUTSTK,373.0,7026600,372.9,373.05,59163300,1050,3150,COALINDIA,27-FEB-2025
2025-02-03 13:20:01.518622,COALINDIA27FEB25F,FUTSTK,373.15,7037100,373.05,373.2,59163300,3150,1050,COALINDIA,27-FEB-2025
2025-02-03 13:20:07.924854,COALINDIA27FEB25F,FUTSTK,373.05,7038150,372.85,373.05,59163300,3150,1050,COALINDIA,27-FEB-2025
2025-02-03 13:20:14.281806,COALINDIA27FEB25F,FUTSTK,373.05,7038150,372.85,373.05,59163300,4200,2100,COALINDIA,27-FEB-2025
2025-02-03 13:20:20.721747,COALINDIA27FEB25F,FUTSTK,373.15,7040250,372.95,373.15,59163300,2100,2100,COALINDIA,27-FEB-2025
2025-02-03 13:20:27.127637,COALINDIA27FEB25F,FUTSTK,372.95,7041300,372.95,373.15,59163300,3150,1050,COALINDIA,27-FEB-2025
2025-02-03 13:20:33.692291,COALINDIA27FEB25F,FUTSTK,373.25,7050750,373.1,373.3,59163300,4200,2100,COALINDIA,27-FEB-2025
2025-02-03 13:20:40.066753,COALINDIA27FEB25F,FUTSTK,373.25,7050750,373.1,373.25,59163300,1050,1050,COALINDIA,27-FEB-2025
2025-02-03 13:20:46.297966,COALINDIA27FEB25F,FUTSTK,373.2,7051800,373.05,373.25,59163300,1050,2100,COALINDIA,27-FEB-2025
2025-02-03 13:20:52.523648,COALINDIA27FEB25F,FUTSTK,373.25,7052850,373.1,373.3,59163300,3150,2100,COALINDIA,27-FEB-2025
2025-02-03 13:20:58.935701,COALINDIA27FEB25F,FUTSTK,373.25,7052850,373.15,373.3,59163300,1050,2100,COALINDIA,27-FEB-2025
2025-02-03 13:21:05.269726,COALINDIA27FEB25F,FUTSTK,373.05,7053900,373.0,373.2,59163300,1050,10500,COALINDIA,27-FEB-2025
2025-02-03 13:21:11.578966,COALINDIA27FEB25F,FUTSTK,373.05,7053900,373.0,373.2,59163300,2100,11550,COALINDIA,27-FEB-2025
2025-02-03 13:21:17.965591,COALINDIA27FEB25F,FUTSTK,373.05,7054950,373.05,373.2,59163300,1050,11550,COALINDIA,27-FEB-2025
2025-02-03 13:21:24.369142,COALINDIA27FEB25F,FUTSTK,373.05,7054950,373.1,373.2,59163300,2100,2100,COALINDIA,27-FEB-2025
2025-02-03 13:21:30.767186,COALINDIA27FEB25F,FUTSTK,373.1,7054950,373.1,373.2,59163300,2100,2100,COALINDIA,27-FEB-2025
2025-02-03 13:21:37.194889,COALINDIA27FEB25F,FUTSTK,373.1,7056000,373.1,373.2,59163300,1050,3150,COALINDIA,27-FEB-2025
2025-02-03 13:21:45.611640,COALINDIA27FEB25F,FUTSTK,373.3,7062300,373.2,373.35,59163300,1050,10500,COALINDIA,27-FEB-2025
2025-02-03 13:21:53.409303,COALINDIA27FEB25F,FUTSTK,373.3,7065450,373.2,373.35,59163300,1050,10500,COALINDIA,27-FEB-2025
2025-02-03 13:22:00.596889,COALINDIA27FEB25F,FUTSTK,373.2,7066500,373.05,373.2,59163300,1050,11550,COALINDIA,27-FEB-2025
2025-02-03 13:22:06.963403,COALINDIA27FEB25F,FUTSTK,373.0,7067550,372.75,372.95,59163300,1050,1050,COALINDIA,27-FEB-2025
2025-02-03 13:22:13.247029,COALINDIA27FEB25F,FUTSTK,373.0,7067550,372.9,373.0,59163300,1050,1050,COALINDIA,27-FEB-2025
2025-02-03 13:22:19.515639,COALINDIA27FEB25F,FUTSTK,372.75,7068600,372.75,372.95,59146500,1050,12600,COALINDIA,27-FEB-2025
2025-02-03 13:22:26.114069,COALINDIA27FEB25F,FUTSTK,372.75,7069650,372.7,372.9,59146500,2100,1050,COALINDIA,27-FEB-2025
2025-02-03 13:22:34.816071,COALINDIA27FEB25F,FUTSTK,372.95,7071750,372.8,372.95,59146500,3150,1050,COALINDIA,27-FEB-2025
2025-02-03 13:22:42.011673,COALINDIA27FEB25F,FUTSTK,373.0,7073850,372.8,373.0,59146500,3150,2100,COALINDIA,27-FEB-2025
2025-02-03 13:22:50.413868,COALINDIA27FEB25F,FUTSTK,373.0,7073850,372.75,372.95,59146500,5250,1050,COALINDIA,27-FEB-2025
2025-02-03 13:22:58.795152,COALINDIA27FEB25F,FUTSTK,373.0,7073850,372.8,372.95,59146500,3150,1050,COALINDIA,27-FEB-2025
2025-02-03 13:23:06.166247,COALINDIA27FEB25F,FUTSTK,372.95,7074900,372.85,373.05,59146500,2100,1050,COALINDIA,27-FEB-2025
2025-02-03 13:23:13.435098,COALINDIA27FEB25F,FUTSTK,372.95,7074900,372.9,373.05,59146500,1050,1050,COALINDIA,27-FEB-2025
2025-02-03 13:23:19.737294,COALINDIA27FEB25F,FUTSTK,373.05,7075950,372.9,373.05,59146500,1050,1050,COALINDIA,27-FEB-2025
2025-02-03 13:23:26.037675,COALINDIA27FEB25F,FUTSTK,372.95,7077000,372.8,373.0,59146500,4200,1050,COALINDIA,27-FEB-2025
2025-02-03 13:23:32.450346,COALINDIA27FEB25F,FUTSTK,372.95,7077000,372.85,373.05,59146500,4200,2100,COALINDIA,27-FEB-2025
2025-02-03 13:23:38.745201,COALINDIA27FEB25F,FUTSTK,372.95,7077000,372.85,373.05,59146500,5250,1050,COALINDIA,27-FEB-2025
2025-02-03 13:23:45.011329,COALINDIA27FEB25F,FUTSTK,372.95,7077000,372.95,373.15,59146500,2100,2100,COALINDIA,27-FEB-2025
2025-02-03 13:23:51.329648,COALINDIA27FEB25F,FUTSTK,373.1,7079100,373.05,373.2,59146500,1050,1050,COALINDIA,27-FEB-2025
2025-02-03 13:23:57.715341,COALINDIA27FEB25F,FUTSTK,373.1,7079100,373.05,373.2,59146500,1050,1050,COALINDIA,27-FEB-2025
2025-02-03 13:24:03.991662,COALINDIA27FEB25F,FUTSTK,373.1,7079100,373.0,373.2,59146500,2100,1050,COALINDIA,27-FEB-2025
2025-02-03 13:24:10.444109,COALINDIA27FEB25F,FUTSTK,373.1,7079100,373.05,373.25,59146500,3150,1050,COALINDIA,27-FEB-2025
2025-02-03 13:24:16.883577,COALINDIA27FEB25F,FUTSTK,373.3,7080150,373.2,373.35,59146500,2100,4200,COALINDIA,27-FEB-2025
2025-02-03 13:24:23.272892,COALINDIA27FEB25F,FUTSTK,373.3,7080150,373.2,373.35,59146500,1050,10500,COALINDIA,27-FEB-2025
2025-02-03 13:24:29.606585,COALINDIA27FEB25F,FUTSTK,373.3,7080150,373.2,373.35,59146500,1050,11550,COALINDIA,27-FEB-2025
2025-02-03 13:24:36.071258,COALINDIA27FEB25F,FUTSTK,373.2,7082250,373.05,373.2,59146500,1050,2100,COALINDIA,27-FEB-2025
2025-02-03 13:24:42.465993,COALINDIA27FEB25F,FUTSTK,373.2,7085400,373.05,373.2,59146500,2100,2100,COALINDIA,27-FEB-2025
2025-02-03 13:24:48.880176,COALINDIA27FEB25F,FUTSTK,373.2,7085400,373.05,373.2,59146500,1050,4200,COALINDIA,27-FEB-2025
2025-02-03 13:24:55.232481,COALINDIA27FEB25F,FUTSTK,373.2,7085400,373.05,373.2,59146500,2100,2100,COALINDIA,27-FEB-2025
2025-02-03 13:25:01.620597,COALINDIA27FEB25F,FUTSTK,373.1,7089600,373.0,373.25,59146500,2100,10500,COALINDIA,27-FEB-2025
2025-02-03 13:25:08.045240,COALINDIA27FEB25F,FUTSTK,373.1,7089600,373.15,373.35,59146500,1050,2100,COALINDIA,27-FEB-2025
2025-02-03 13:25:14.511115,COALINDIA27FEB25F,FUTSTK,373.1,7089600,373.15,373.3,59146500,1050,2100,COALINDIA,27-FEB-2025
2025-02-03 13:25:20.936597,COALINDIA27FEB25F,FUTSTK,373.1,7089600,373.2,373.35,59146500,2100,1050,COALINDIA,27-FEB-2025
2025-02-03 13:25:27.235767,COALINDIA27FEB25F,FUTSTK,373.1,7089600,373.2,373.35,59146500,2100,1050,COALINDIA,27-FEB-2025
2025-02-03 13:25:33.955168,COALINDIA27FEB25F,FUTSTK,373.3,7091700,373.2,373.35,59144400,2100,1050,COALINDIA,27-FEB-2025
2025-02-03 13:25:40.226864,COALINDIA27FEB25F,FUTSTK,373.3,7091700,373.2,373.35,59144400,1050,1050,COALINDIA,27-FEB-2025
2025-02-03 13:25:46.674480,COALINDIA27FEB25F,FUTSTK,373.2,7091700,373.2,373.35,59144400,3150,1050,COALINDIA,27-FEB-2025
2025-02-03 13:25:53.103587,COALINDIA27FEB25F,FUTSTK,372.95,7095900,372.95,373.05,59144400,1050,1050,COALINDIA,27-FEB-2025
2025-02-03 13:25:59.481253,COALINDIA27FEB25F,FUTSTK,372.9,7098000,372.9,373.05,59144400,2100,2100,COALINDIA,27-FEB-2025
2025-02-03 13:26:05.887218,COALINDIA27FEB25F,FUTSTK,372.9,7098000,372.85,373.0,59144400,1050,1050,COALINDIA,27-FEB-2025
2025-02-03 13:26:12.232531,COALINDIA27FEB25F,FUTSTK,372.9,7098000,372.85,373.0,59144400,1050,1050,COALINDIA,27-FEB-2025
2025-02-03 13:26:18.602633,COALINDIA27FEB25F,FUTSTK,372.9,7098000,372.85,372.95,59144400,1050,1050,COALINDIA,27-FEB-2025
2025-02-03 13:26:24.907325,COALINDIA27FEB25F,FUTSTK,372.8,7108500,372.65,372.85,59144400,4200,3150,COALINDIA,27-FEB-2025
2025-02-03 13:26:31.279470,COALINDIA27FEB25F,FUTSTK,372.8,7108500,372.65,372.9,59144400,4200,4200,COALINDIA,27-FEB-2025
2025-02-03 13:26:37.643416,COALINDIA27FEB25F,FUTSTK,372.8,7116900,372.7,372.95,59144400,4200,10500,COALINDIA,27-FEB-2025
2025-02-03 13:26:43.905396,COALINDIA27FEB25F,FUTSTK,372.8,7117950,372.65,372.85,59144400,4200,2100,COALINDIA,27-FEB-2025
2025-02-03 13:26:50.448558,COALINDIA27FEB25F,FUTSTK,372.8,7117950,372.65,372.85,59144400,3150,3150,COALINDIA,27-FEB-2025
2025-02-03 13:26:56.759444,COALINDIA27FEB25F,FUTSTK,372.65,7119000,372.65,372.8,59144400,1050,1050,COALINDIA,27-FEB-2025
2025-02-03 13:27:03.205867,COALINDIA27FEB25F,FUTSTK,372.8,7120050,372.7,372.85,59144400,3150,1050,COALINDIA,27-FEB-2025
2025-02-03 13:27:09.608901,COALINDIA27FEB25F,FUTSTK,372.85,7122150,372.75,372.9,59144400,2100,2100,COALINDIA,27-FEB-2025
2025-02-03 13:27:15.992246,COALINDIA27FEB25F,FUTSTK,372.95,7126350,372.9,373.05,59144400,2100,3150,COALINDIA,27-FEB-2025
2025-02-03 13:27:22.241878,COALINDIA27FEB25F,FUTSTK,372.95,7129500,372.75,372.9,59144400,1050,1050,COALINDIA,27-FEB-2025
2025-02-03 13:27:28.578825,COALINDIA27FEB25F,FUTSTK,372.95,7129500,372.65,372.85,59144400,2100,1050,COALINDIA,27-FEB-2025
2025-02-03 13:27:34.895150,COALINDIA27FEB25F,FUTSTK,372.95,7129500,372.65,372.9,59144400,4200,3150,COALINDIA,27-FEB-2025
2025-02-03 13:27:41.179431,COALINDIA27FEB25F,FUTSTK,372.95,7129500,372.7,372.9,59144400,2100,2100,COALINDIA,27-FEB-2025
2025-02-03 13:27:47.484989,COALINDIA27FEB25F,FUTSTK,372.7,7130550,372.65,372.85,59144400,2100,1050,COALINDIA,27-FEB-2025
2025-02-03 13:27:53.827029,COALINDIA27FEB25F,FUTSTK,372.65,7131600,372.7,372.9,59144400,1050,2100,COALINDIA,27-FEB-2025
2025-02-03 13:28:00.246651,COALINDIA27FEB25F,FUTSTK,372.65,7131600,372.75,372.9,59144400,1050,8400,COALINDIA,27-FEB-2025
2025-02-03 13:28:06.657008,COALINDIA27FEB25F,FUTSTK,372.75,7132650,372.65,372.8,59144400,1050,8400,COALINDIA,27-FEB-2025
2025-02-03 13:28:12.926536,COALINDIA27FEB25F,FUTSTK,372.75,7132650,372.65,372.8,59144400,1050,8400,COALINDIA,27-FEB-2025
2025-02-03 13:28:19.215588,COALINDIA27FEB25F,FUTSTK,372.6,7133700,372.55,372.65,59143350,1050,8400,COALINDIA,27-FEB-2025
2025-02-03 13:28:25.477776,COALINDIA27FEB25F,FUTSTK,372.6,7133700,372.6,372.75,59143350,1050,8400,COALINDIA,27-FEB-2025
2025-02-03 13:28:31.959401,COALINDIA27FEB25F,FUTSTK,372.55,7136850,372.4,372.6,59143350,2100,8400,COALINDIA,27-FEB-2025
2025-02-03 13:28:38.379396,COALINDIA27FEB25F,FUTSTK,372.5,7137900,372.45,372.55,59143350,1050,2100,COALINDIA,27-FEB-2025
2025-02-03 13:28:44.649387,COALINDIA27FEB25F,FUTSTK,372.4,7142100,372.4,372.55,59143350,1050,1050,COALINDIA,27-FEB-2025
2025-02-03 13:28:51.137134,COALINDIA27FEB25F,FUTSTK,372.55,7143150,372.5,372.6,59143350,1050,1050,COALINDIA,27-FEB-2025
2025-02-03 13:28:57.390700,COALINDIA27FEB25F,FUTSTK,372.6,7144200,372.45,372.7,59143350,4200,3150,COALINDIA,27-FEB-2025
2025-02-03 13:29:03.739733,COALINDIA27FEB25F,FUTSTK,372.6,7144200,372.6,372.7,59143350,1050,2100,COALINDIA,27-FEB-2025
2025-02-03 13:29:10.166623,COALINDIA27FEB25F,FUTSTK,372.85,7148400,372.7,372.9,59143350,3150,1050,COALINDIA,27-FEB-2025
2025-02-03 13:29:16.430368,COALINDIA27FEB25F,FUTSTK,372.85,7148400,372.85,373.05,59143350,1050,2100,COALINDIA,27-FEB-2025
2025-02-03 13:29:22.797471,COALINDIA27FEB25F,FUTSTK,372.85,7148400,372.85,373.05,59143350,2100,1050,COALINDIA,27-FEB-2025
2025-02-03 13:29:29.132470,COALINDIA27FEB25F,FUTSTK,372.85,7148400,372.95,373.15,59143350,1050,2100,COALINDIA,27-FEB-2025
2025-02-03 13:29:35.501497,COALINDIA27FEB25F,FUTSTK,372.85,7148400,372.95,373.15,59143350,1050,2100,COALINDIA,27-FEB-2025
2025-02-03 13:29:42.049420,COALINDIA27FEB25F,FUTSTK,372.85,7148400,373.05,373.25,59143350,2100,2100,COALINDIA,27-FEB-2025
2025-02-03 13:29:48.405768,COALINDIA27FEB25F,FUTSTK,372.85,7148400,373.05,373.3,59143350,2100,5250,COALINDIA,27-FEB-2025
2025-02-03 13:29:55.216080,COALINDIA27FEB25F,FUTSTK,373.35,7149450,373.15,373.35,59143350,2100,1050,COALINDIA,27-FEB-2025
2025-02-03 13:30:01.849137,COALINDIA27FEB25F,FUTSTK,373.35,7149450,373.15,373.35,59143350,2100,1050,COALINDIA,27-FEB-2025
2025-02-03 13:30:08.522307,COALINDIA27FEB25F,FUTSTK,373.35,7149450,373.2,373.45,59143350,3150,3150,COALINDIA,27-FEB-2025
2025-02-03 13:30:14.949345,COALINDIA27FEB25F,FUTSTK,373.35,7149450,373.2,373.45,59143350,4200,3150,COALINDIA,27-FEB-2025
2025-02-03 13:30:21.328275,COALINDIA27FEB25F,FUTSTK,373.35,7149450,373.3,373.5,59143350,2100,2100,COALINDIA,27-FEB-2025
2025-02-03 13:30:27.677861,COALINDIA27FEB25F,FUTSTK,373.35,7149450,373.35,373.5,59143350,1050,2100,COALINDIA,27-FEB-2025
2025-02-03 13:30:33.937628,COALINDIA27FEB25F,FUTSTK,373.35,7149450,373.35,373.5,59143350,1050,3150,COALINDIA,27-FEB-2025
2025-02-03 13:30:40.456545,COALINDIA27FEB25F,FUTSTK,373.45,7150500,373.35,373.5,59143350,1050,3150,COALINDIA,27-FEB-2025
2025-02-03 13:30:46.744297,COALINDIA27FEB25F,FUTSTK,373.5,7150500,373.35,373.5,59143350,1050,3150,COALINDIA,27-FEB-2025
2025-02-03 13:30:53.227541,COALINDIA27FEB25F,FUTSTK,373.5,7150500,373.35,373.5,59143350,1050,3150,COALINDIA,27-FEB-2025
2025-02-03 13:30:59.570261,COALINDIA27FEB25F,FUTSTK,373.5,7150500,373.35,373.5,59143350,1050,3150,COALINDIA,27-FEB-2025
2025-02-03 13:31:05.938707,COALINDIA27FEB25F,FUTSTK,373.45,7150500,373.35,373.5,59143350,1050,3150,COALINDIA,27-FEB-2025
2025-02-03 13:31:12.427546,COALINDIA27FEB25F,FUTSTK,373.4,7162050,373.15,373.35,59143350,1050,2100,COALINDIA,27-FEB-2025
2025-02-03 13:31:18.754869,COALINDIA27FEB25F,FUTSTK,373.4,7162050,373.15,373.35,59143350,1050,2100,COALINDIA,27-FEB-2025
2025-02-03 13:31:25.398575,COALINDIA27FEB25F,FUTSTK,373.15,7162050,373.15,373.35,59141250,1050,2100,COALINDIA,27-FEB-2025
2025-02-03 13:31:31.850946,COALINDIA27FEB25F,FUTSTK,373.15,7162050,373.15,373.35,59141250,1050,2100,COALINDIA,27-FEB-2025
2025-02-03 13:31:38.170677,COALINDIA27FEB25F,FUTSTK,373.15,7162050,373.15,373.35,59141250,1050,2100,COALINDIA,27-FEB-2025
2025-02-03 13:31:44.533036,COALINDIA27FEB25F,FUTSTK,373.05,7164150,373.05,373.25,59141250,3150,1050,COALINDIA,27-FEB-2025
2025-02-03 13:31:50.661512,COALINDIA27FEB25F,FUTSTK,373.05,7164150,373.0,373.15,59141250,1050,2100,COALINDIA,27-FEB-2025
2025-02-03 13:31:56.975323,COALINDIA27FEB25F,FUTSTK,373.05,7164150,373.0,373.15,59141250,2100,2100,COALINDIA,27-FEB-2025
2025-02-03 13:32:03.433601,COALINDIA27FEB25F,FUTSTK,373.0,7165200,372.95,373.15,59141250,3150,2100,COALINDIA,27-FEB-2025
2025-02-03 13:32:09.815768,COALINDIA27FEB25F,FUTSTK,373.2,7168350,373.15,373.3,59141250,1050,1050,COALINDIA,27-FEB-2025
2025-02-03 13:32:16.195632,COALINDIA27FEB25F,FUTSTK,373.45,7172550,373.2,373.4,59141250,2100,1050,COALINDIA,27-FEB-2025
2025-02-03 13:32:22.525494,COALINDIA27FEB25F,FUTSTK,373.2,7173600,373.25,373.45,59141250,2100,8400,COALINDIA,27-FEB-2025
2025-02-03 13:32:28.802589,COALINDIA27FEB25F,FUTSTK,373.2,7173600,373.15,373.4,59141250,3150,9450,COALINDIA,27-FEB-2025
2025-02-03 13:32:35.031458,COALINDIA27FEB25F,FUTSTK,373.2,7173600,373.15,373.35,59141250,4200,2100,COALINDIA,27-FEB-2025
2025-02-03 13:32:41.362662,COALINDIA27FEB25F,FUTSTK,373.2,7175700,373.0,373.25,59141250,3150,9450,COALINDIA,27-FEB-2025
2025-02-03 13:32:47.735677,COALINDIA27FEB25F,FUTSTK,373.2,7175700,373.05,373.25,59141250,1050,9450,COALINDIA,27-FEB-2025
2025-02-03 13:32:54.066884,COALINDIA27FEB25F,FUTSTK,373.2,7176750,373.05,373.2,59141250,1050,7350,COALINDIA,27-FEB-2025
2025-02-03 13:33:00.476345,COALINDIA27FEB25F,FUTSTK,373.05,7177800,373.05,373.2,59141250,1050,7350,COALINDIA,27-FEB-2025
2025-02-03 13:33:06.737518,COALINDIA27FEB25F,FUTSTK,373.05,7177800,373.05,373.2,59141250,1050,9450,COALINDIA,27-FEB-2025
2025-02-03 13:33:13.098293,COALINDIA27FEB25F,FUTSTK,373.1,7177800,373.05,373.2,59141250,1050,6300,COALINDIA,27-FEB-2025
2025-02-03 13:33:19.280985,COALINDIA27FEB25F,FUTSTK,373.1,7179900,373.1,373.3,59141250,2100,1050,COALINDIA,27-FEB-2025
2025-02-03 13:33:25.696656,COALINDIA27FEB25F,FUTSTK,373.1,7182000,373.0,373.15,59141250,1050,1050,COALINDIA,27-FEB-2025
2025-02-03 13:33:32.027087,COALINDIA27FEB25F,FUTSTK,373.1,7186200,373.1,373.25,59141250,1050,1050,COALINDIA,27-FEB-2025
2025-02-03 13:33:38.447995,COALINDIA27FEB25F,FUTSTK,373.1,7186200,373.0,373.25,59141250,4200,3150,COALINDIA,27-FEB-2025
2025-02-03 13:33:44.699612,COALINDIA27FEB25F,FUTSTK,373.1,7186200,373.1,373.25,59141250,1050,1050,COALINDIA,27-FEB-2025
2025-02-03 13:33:51.137495,COALINDIA27FEB25F,FUTSTK,373.3,7188300,373.2,373.4,59141250,1050,2100,COALINDIA,27-FEB-2025
2025-02-03 13:33:57.577585,COALINDIA27FEB25F,FUTSTK,373.2,7189350,373.2,373.35,59141250,1050,2100,COALINDIA,27-FEB-2025
2025-02-03 13:34:03.879203,COALINDIA27FEB25F,FUTSTK,373.35,7191450,373.25,373.45,59141250,2100,1050,COALINDIA,27-FEB-2025
2025-02-03 13:34:10.400728,COALINDIA27FEB25F,FUTSTK,373.5,7193550,373.35,373.55,59141250,1050,1050,COALINDIA,27-FEB-2025
2025-02-03 13:34:17.179686,COALINDIA27FEB25F,FUTSTK,373.5,7193550,373.25,373.5,59141250,4200,2100,COALINDIA,27-FEB-2025
2025-02-03 13:34:23.565431,COALINDIA27FEB25F,FUTSTK,373.5,7194600,373.3,373.55,59137050,3150,1050,COALINDIA,27-FEB-2025
2025-02-03 13:34:30.026211,COALINDIA27FEB25F,FUTSTK,373.5,7194600,373.3,373.5,59137050,1050,1050,COALINDIA,27-FEB-2025
2025-02-03 13:34:36.769623,COALINDIA27FEB25F,FUTSTK,373.5,7194600,373.4,373.6,59137050,1050,2100,COALINDIA,27-FEB-2025
2025-02-03 13:34:43.329271,COALINDIA27FEB25F,FUTSTK,373.6,7195650,373.45,373.65,59137050,1050,5250,COALINDIA,27-FEB-2025
2025-02-03 13:34:49.622739,COALINDIA27FEB25F,FUTSTK,373.55,7196700,373.4,373.6,59137050,2100,1050,COALINDIA,27-FEB-2025
2025-02-03 13:34:56.069824,COALINDIA27FEB25F,FUTSTK,373.55,7196700,373.45,373.6,59137050,1050,2100,COALINDIA,27-FEB-2025
2025-02-03 13:35:02.538746,COALINDIA27FEB25F,FUTSTK,373.65,7198800,373.5,373.65,59137050,2100,3150,COALINDIA,27-FEB-2025
2025-02-03 13:35:08.860746,COALINDIA27FEB25F,FUTSTK,373.65,7198800,373.5,373.65,59137050,2100,3150,COALINDIA,27-FEB-2025
2025-02-03 13:35:15.247464,COALINDIA27FEB25F,FUTSTK,373.55,7199850,373.5,373.65,59137050,2100,6300,COALINDIA,27-FEB-2025
2025-02-03 13:35:21.700431,COALINDIA27FEB25F,FUTSTK,373.55,7199850,373.5,373.65,59137050,2100,3150,COALINDIA,27-FEB-2025
2025-02-03 13:35:28.051769,COALINDIA27FEB25F,FUTSTK,373.7,7204050,373.55,373.75,59137050,4200,1050,COALINDIA,27-FEB-2025
2025-02-03 13:35:34.355864,COALINDIA27FEB25F,FUTSTK,373.7,7204050,373.65,373.85,59137050,3150,3150,COALINDIA,27-FEB-2025
2025-02-03 13:35:40.632978,COALINDIA27FEB25F,FUTSTK,373.7,7204050,373.65,373.85,59137050,2100,2100,COALINDIA,27-FEB-2025
2025-02-03 13:35:47.053947,COALINDIA27FEB25F,FUTSTK,373.85,7205100,373.75,373.95,59137050,3150,1050,COALINDIA,27-FEB-2025
2025-02-03 13:35:53.409147,COALINDIA27FEB25F,FUTSTK,373.85,7205100,373.75,373.95,59137050,2100,2100,COALINDIA,27-FEB-2025
2025-02-03 13:35:59.713466,COALINDIA27FEB25F,FUTSTK,373.75,7206150,373.65,373.85,59137050,3150,2100,COALINDIA,27-FEB-2025
2025-02-03 13:36:06.069166,COALINDIA27FEB25F,FUTSTK,373.65,7207200,373.6,373.8,59137050,3150,7350,COALINDIA,27-FEB-2025
2025-02-03 13:36:12.482074,COALINDIA27FEB25F,FUTSTK,373.75,7208250,373.65,373.8,59137050,2100,2100,COALINDIA,27-FEB-2025
2025-02-03 13:36:18.926472,COALINDIA27FEB25F,FUTSTK,373.75,7208250,373.65,373.8,59137050,1050,8400,COALINDIA,27-FEB-2025
2025-02-03 13:36:25.244098,COALINDIA27FEB25F,FUTSTK,373.65,7209300,373.65,373.8,59137050,2100,2100,COALINDIA,27-FEB-2025
2025-02-03 13:36:31.641257,COALINDIA27FEB25F,FUTSTK,373.75,7212450,373.7,373.95,59137050,3150,9450,COALINDIA,27-FEB-2025
2025-02-03 13:36:37.993028,COALINDIA27FEB25F,FUTSTK,373.6,7215600,373.5,373.7,59137050,3150,1050,COALINDIA,27-FEB-2025
2025-02-03 13:36:44.299454,COALINDIA27FEB25F,FUTSTK,373.7,7224000,373.55,373.75,59137050,1050,7350,COALINDIA,27-FEB-2025
2025-02-03 13:36:50.650866,COALINDIA27FEB25F,FUTSTK,373.7,7224000,373.55,373.8,59137050,1050,10500,COALINDIA,27-FEB-2025
2025-02-03 13:36:56.869086,COALINDIA27FEB25F,FUTSTK,373.7,7224000,373.5,373.75,59137050,4200,7350,COALINDIA,27-FEB-2025
2025-02-03 13:37:03.290320,COALINDIA27FEB25F,FUTSTK,373.7,7224000,373.55,373.75,59137050,2100,2100,COALINDIA,27-FEB-2025
2025-02-03 13:37:09.572748,COALINDIA27FEB25F,FUTSTK,373.75,7227150,373.5,373.75,59137050,2100,7350,COALINDIA,27-FEB-2025
2025-02-03 13:37:15.849105,COALINDIA27FEB25F,FUTSTK,373.5,7231350,373.35,373.55,59137050,2100,1050,COALINDIA,27-FEB-2025
2025-02-03 13:37:22.269099,COALINDIA27FEB25F,FUTSTK,373.35,7232400,373.35,373.55,59131800,2100,4200,COALINDIA,27-FEB-2025
2025-02-03 13:37:28.508410,COALINDIA27FEB25F,FUTSTK,373.45,7233450,373.25,373.5,59131800,2100,8400,COALINDIA,27-FEB-2025
2025-02-03 13:37:34.739856,COALINDIA27FEB25F,FUTSTK,373.45,7233450,373.2,373.4,59131800,1050,3150,COALINDIA,27-FEB-2025
2025-02-03 13:37:41.022193,COALINDIA27FEB25F,FUTSTK,373.45,7233450,373.25,373.4,59131800,2100,1050,COALINDIA,27-FEB-2025
2025-02-03 13:37:47.293923,COALINDIA27FEB25F,FUTSTK,373.4,7234500,373.35,373.55,59131800,2100,2100,COALINDIA,27-FEB-2025
2025-02-03 13:37:53.702605,COALINDIA27FEB25F,FUTSTK,373.3,7235550,373.3,373.5,59131800,2100,2100,COALINDIA,27-FEB-2025
2025-02-03 13:38:00.082619,COALINDIA27FEB25F,FUTSTK,373.3,7235550,373.3,373.55,59131800,3150,7350,COALINDIA,27-FEB-2025
2025-02-03 13:38:06.423651,COALINDIA27FEB25F,FUTSTK,373.3,7235550,373.35,373.5,59131800,2100,1050,COALINDIA,27-FEB-2025
2025-02-03 13:38:12.871353,COALINDIA27FEB25F,FUTSTK,373.3,7235550,373.3,373.55,59131800,4200,9450,COALINDIA,27-FEB-2025
2025-02-03 13:38:19.139078,COALINDIA27FEB25F,FUTSTK,373.3,7235550,373.2,373.4,59131800,4200,1050,COALINDIA,27-FEB-2025
2025-02-03 13:38:25.385056,COALINDIA27FEB25F,FUTSTK,373.3,7235550,373.15,373.35,59131800,2100,2100,COALINDIA,27-FEB-2025
2025-02-03 13:38:31.869549,COALINDIA27FEB25F,FUTSTK,373.3,7235550,373.15,373.35,59131800,4200,3150,COALINDIA,27-FEB-2025
2025-02-03 13:38:38.246110,COALINDIA27FEB25F,FUTSTK,373.3,7235550,373.15,373.3,59131800,2100,2100,COALINDIA,27-FEB-2025
2025-02-03 13:38:44.616826,COALINDIA27FEB25F,FUTSTK,373.3,7235550,373.15,373.3,59131800,2100,1050,COALINDIA,27-FEB-2025
2025-02-03 13:38:50.965497,COALINDIA27FEB25F,FUTSTK,373.3,7235550,373.15,373.3,59131800,3150,1050,COALINDIA,27-FEB-2025
2025-02-03 13:38:57.374829,COALINDIA27FEB25F,FUTSTK,373.2,7237650,373.15,373.35,59131800,4200,1050,COALINDIA,27-FEB-2025
2025-02-03 13:39:03.749054,COALINDIA27FEB25F,FUTSTK,373.2,7237650,373.15,373.3,59131800,1050,1050,COALINDIA,27-FEB-2025
2025-02-03 13:39:10.287048,COALINDIA27FEB25F,FUTSTK,373.2,7237650,373.15,373.35,59131800,1050,8400,COALINDIA,27-FEB-2025
2025-02-03 13:39:16.663125,COALINDIA27FEB25F,FUTSTK,373.25,7237650,373.15,373.25,59131800,1050,1050,COALINDIA,27-FEB-2025
2025-02-03 13:39:23.190593,COALINDIA27FEB25F,FUTSTK,373.25,7238700,373.25,373.45,59131800,1050,3150,COALINDIA,27-FEB-2025
2025-02-03 13:39:29.579070,COALINDIA27FEB25F,FUTSTK,373.25,7238700,373.25,373.45,59131800,1050,3150,COALINDIA,27-FEB-2025
2025-02-03 13:39:35.742607,COALINDIA27FEB25F,FUTSTK,373.45,7238700,373.25,373.45,59131800,1050,3150,COALINDIA,27-FEB-2025
2025-02-03 13:39:41.914067,COALINDIA27FEB25F,FUTSTK,373.45,7240800,373.35,373.5,59131800,1050,1050,COALINDIA,27-FEB-2025
2025-02-03 13:39:48.261605,COALINDIA27FEB25F,FUTSTK,373.5,7240800,373.35,373.5,59131800,1050,1050,COALINDIA,27-FEB-2025
2025-02-03 13:39:54.583904,COALINDIA27FEB25F,FUTSTK,373.5,7240800,373.35,373.5,59131800,1050,1050,COALINDIA,27-FEB-2025
2025-02-03 13:40:00.908780,COALINDIA27FEB25F,FUTSTK,373.5,7240800,373.35,373.5,59131800,1050,1050,COALINDIA,27-FEB-2025
2025-02-03 13:40:07.244180,COALINDIA27FEB25F,FUTSTK,373.7,7246050,373.55,373.8,59131800,3150,9450,COALINDIA,27-FEB-2025
2025-02-03 13:40:13.620991,COALINDIA27FEB25F,FUTSTK,373.7,7246050,373.55,373.8,59131800,3150,9450,COALINDIA,27-FEB-2025
2025-02-03 13:40:22.978843,COALINDIA27FEB25F,FUTSTK,373.7,7246050,373.55,373.8,59131800,3150,9450,COALINDIA,27-FEB-2025
2025-02-03 13:40:30.999431,COALINDIA27FEB25F,FUTSTK,373.55,7246050,373.55,373.8,59122350,3150,9450,COALINDIA,27-FEB-2025
2025-02-03 13:40:37.608657,COALINDIA27FEB25F,FUTSTK,373.45,7247100,373.45,373.55,59122350,2100,1050,COALINDIA,27-FEB-2025
2025-02-03 13:40:44.003231,COALINDIA27FEB25F,FUTSTK,373.45,7248150,373.4,373.65,59122350,5250,4200,COALINDIA,27-FEB-2025
2025-02-03 13:40:50.527353,COALINDIA27FEB25F,FUTSTK,373.7,7251300,373.6,373.75,59122350,2100,3150,COALINDIA,27-FEB-2025
2025-02-03 13:40:56.827175,COALINDIA27FEB25F,FUTSTK,373.7,7251300,373.6,373.75,59122350,2100,1050,COALINDIA,27-FEB-2025
2025-02-03 13:41:03.280140,COALINDIA27FEB25F,FUTSTK,373.7,7251300,373.6,373.8,59122350,3150,3150,COALINDIA,27-FEB-2025
2025-02-03 13:41:09.791663,COALINDIA27FEB25F,FUTSTK,373.6,7252350,373.6,373.8,59122350,1050,7350,COALINDIA,27-FEB-2025
2025-02-03 13:41:16.361517,COALINDIA27FEB25F,FUTSTK,373.75,7253400,373.6,373.75,59122350,1050,1050,COALINDIA,27-FEB-2025
2025-02-03 13:41:22.728350,COALINDIA27FEB25F,FUTSTK,373.65,7255500,373.6,373.7,59122350,1050,1050,COALINDIA,27-FEB-2025
2025-02-03 13:41:29.129600,COALINDIA27FEB25F,FUTSTK,373.75,7257600,373.7,373.9,59122350,2100,6300,COALINDIA,27-FEB-2025
2025-02-03 13:41:35.774764,COALINDIA27FEB25F,FUTSTK,373.9,7260750,373.75,373.95,59122350,3150,1050,COALINDIA,27-FEB-2025
2025-02-03 13:41:42.260726,COALINDIA27FEB25F,FUTSTK,373.75,7262850,373.8,373.95,59122350,1050,2100,COALINDIA,27-FEB-2025
2025-02-03 13:41:48.694064,COALINDIA27FEB25F,FUTSTK,373.75,7262850,373.8,373.95,59122350,1050,3150,COALINDIA,27-FEB-2025
2025-02-03 13:41:55.134784,COALINDIA27FEB25F,FUTSTK,373.95,7264950,373.85,374.0,59122350,1050,7350,COALINDIA,27-FEB-2025
2025-02-03 13:42:01.706268,COALINDIA27FEB25F,FUTSTK,374.1,7273350,374.05,374.2,59122350,2100,1050,COALINDIA,27-FEB-2025
2025-02-03 13:42:08.135313,COALINDIA27FEB25F,FUTSTK,374.1,7273350,374.05,374.2,59122350,1050,2100,COALINDIA,27-FEB-2025
2025-02-03 13:42:14.631053,COALINDIA27FEB25F,FUTSTK,374.2,7279650,374.1,374.25,59122350,3150,7350,COALINDIA,27-FEB-2025
2025-02-03 13:42:20.950351,COALINDIA27FEB25F,FUTSTK,374.0,7285950,373.9,374.1,59122350,1050,5250,COALINDIA,27-FEB-2025
2025-02-03 13:42:27.527588,COALINDIA27FEB25F,FUTSTK,374.0,7292250,373.75,373.95,59122350,2100,1050,COALINDIA,27-FEB-2025
2025-02-03 13:42:34.313046,COALINDIA27FEB25F,FUTSTK,373.95,7293300,373.85,374.1,59122350,3150,9450,COALINDIA,27-FEB-2025
2025-02-03 13:42:40.849557,COALINDIA27FEB25F,FUTSTK,374.1,7294350,373.9,374.1,59122350,1050,5250,COALINDIA,27-FEB-2025
2025-02-03 13:42:47.516875,COALINDIA27FEB25F,FUTSTK,373.95,7294350,373.95,374.1,59122350,1050,4200,COALINDIA,27-FEB-2025
2025-02-03 13:42:53.957091,COALINDIA27FEB25F,FUTSTK,373.95,7295400,373.85,374.1,59122350,4200,5250,COALINDIA,27-FEB-2025
2025-02-03 13:43:00.371546,COALINDIA27FEB25F,FUTSTK,373.95,7295400,373.95,374.1,59122350,1050,4200,COALINDIA,27-FEB-2025
2025-02-03 13:43:06.802858,COALINDIA27FEB25F,FUTSTK,373.95,7295400,373.9,374.1,59122350,1050,5250,COALINDIA,27-FEB-2025
2025-02-03 13:43:13.141390,COALINDIA27FEB25F,FUTSTK,373.95,7295400,373.95,374.1,59122350,1050,5250,COALINDIA,27-FEB-2025
2025-02-03 13:43:19.738011,COALINDIA27FEB25F,FUTSTK,373.95,7295400,373.95,374.1,59122350,1050,5250,COALINDIA,27-FEB-2025
2025-02-03 13:43:26.112298,COALINDIA27FEB25F,FUTSTK,373.95,7296450,374.0,374.1,59096100,1050,5250,COALINDIA,27-FEB-2025
2025-02-03 13:43:32.570289,COALINDIA27FEB25F,FUTSTK,373.95,7296450,374.0,374.1,59096100,1050,6300,COALINDIA,27-FEB-2025
2025-02-03 13:43:39.042248,COALINDIA27FEB25F,FUTSTK,373.95,7296450,374.0,374.1,59096100,1050,7350,COALINDIA,27-FEB-2025
2025-02-03 13:43:45.673878,COALINDIA27FEB25F,FUTSTK,373.95,7296450,374.0,374.1,59096100,1050,7350,COALINDIA,27-FEB-2025
2025-02-03 13:43:52.046364,COALINDIA27FEB25F,FUTSTK,374.0,7298550,373.8,374.0,59096100,4200,3150,COALINDIA,27-FEB-2025
2025-02-03 13:43:58.664684,COALINDIA27FEB25F,FUTSTK,373.9,7300650,373.75,373.95,59096100,1050,1050,COALINDIA,27-FEB-2025
2025-02-03 13:44:05.106813,COALINDIA27FEB25F,FUTSTK,373.9,7300650,373.7,373.9,59096100,2100,2100,COALINDIA,27-FEB-2025
2025-02-03 13:44:11.514649,COALINDIA27FEB25F,FUTSTK,373.9,7300650,373.7,373.9,59096100,2100,4200,COALINDIA,27-FEB-2025
2025-02-03 13:44:17.858176,COALINDIA27FEB25F,FUTSTK,373.9,7300650,373.75,373.9,59096100,1050,6300,COALINDIA,27-FEB-2025
2025-02-03 13:44:24.216071,COALINDIA27FEB25F,FUTSTK,373.9,7301700,373.75,373.9,59096100,1050,4200,COALINDIA,27-FEB-2025
2025-02-03 13:44:30.590624,COALINDIA27FEB25F,FUTSTK,373.95,7306950,373.85,374.0,59096100,2100,4200,COALINDIA,27-FEB-2025
2025-02-03 13:44:37.003797,COALINDIA27FEB25F,FUTSTK,373.95,7306950,373.85,374.0,59096100,3150,4200,COALINDIA,27-FEB-2025
2025-02-03 13:44:43.690580,COALINDIA27FEB25F,FUTSTK,373.8,7317450,373.85,374.05,59096100,3150,1050,COALINDIA,27-FEB-2025
2025-02-03 13:44:50.570522,COALINDIA27FEB25F,FUTSTK,373.85,7319550,373.7,373.9,59096100,5250,1050,COALINDIA,27-FEB-2025
2025-02-03 13:44:56.863615,COALINDIA27FEB25F,FUTSTK,373.85,7319550,373.7,373.95,59096100,4200,7350,COALINDIA,27-FEB-2025
2025-02-03 13:45:03.512921,COALINDIA27FEB25F,FUTSTK,374.05,7326900,373.9,374.0,59096100,1050,1050,COALINDIA,27-FEB-2025
2025-02-03 13:45:09.969216,COALINDIA27FEB25F,FUTSTK,374.0,7329000,373.8,374.0,59096100,4200,1050,COALINDIA,27-FEB-2025
2025-02-03 13:45:17.931817,COALINDIA27FEB25F,FUTSTK,373.85,7330050,373.85,374.0,59096100,1050,2100,COALINDIA,27-FEB-2025
2025-02-03 13:45:24.236705,COALINDIA27FEB25F,FUTSTK,374.1,7332150,373.95,374.15,59096100,1050,1050,COALINDIA,27-FEB-2025
2025-02-03 13:45:30.698340,COALINDIA27FEB25F,FUTSTK,374.1,7333200,374.0,374.2,59096100,2100,2100,COALINDIA,27-FEB-2025
2025-02-03 13:45:37.168483,COALINDIA27FEB25F,FUTSTK,374.05,7336350,373.9,374.1,59096100,3150,1050,COALINDIA,27-FEB-2025
2025-02-03 13:45:43.574498,COALINDIA27FEB25F,FUTSTK,374.1,7337400,373.9,374.1,59096100,3150,1050,COALINDIA,27-FEB-2025
2025-02-03 13:45:50.171044,COALINDIA27FEB25F,FUTSTK,374.1,7337400,373.9,374.1,59096100,1050,2100,COALINDIA,27-FEB-2025
2025-02-03 13:45:58.158653,COALINDIA27FEB25F,FUTSTK,374.1,7337400,373.85,374.05,59096100,1050,2100,COALINDIA,27-FEB-2025
2025-02-03 13:46:04.803411,COALINDIA27FEB25F,FUTSTK,373.75,7342650,373.6,373.8,59096100,3150,1050,COALINDIA,27-FEB-2025
2025-02-03 13:46:11.517452,COALINDIA27FEB25F,FUTSTK,373.6,7344750,373.55,373.8,59096100,2100,2100,COALINDIA,27-FEB-2025
2025-02-03 13:46:18.200862,COALINDIA27FEB25F,FUTSTK,373.6,7347900,373.55,373.75,59096100,2100,1050,COALINDIA,27-FEB-2025
2025-02-03 13:46:26.032605,COALINDIA27FEB25F,FUTSTK,373.6,7347900,373.5,373.75,59096100,3150,3150,COALINDIA,27-FEB-2025
2025-02-03 13:46:32.542317,COALINDIA27FEB25F,FUTSTK,373.6,7353150,373.6,373.8,59083500,2100,1050,COALINDIA,27-FEB-2025
2025-02-03 13:46:39.482012,COALINDIA27FEB25F,FUTSTK,373.6,7353150,373.65,373.85,59083500,3150,1050,COALINDIA,27-FEB-2025
2025-02-03 13:46:46.318643,COALINDIA27FEB25F,FUTSTK,373.6,7353150,373.65,373.85,59083500,2100,1050,COALINDIA,27-FEB-2025
2025-02-03 13:46:53.249638,COALINDIA27FEB25F,FUTSTK,373.8,7354200,373.7,373.85,59083500,2100,1050,COALINDIA,27-FEB-2025
2025-02-03 13:46:59.964463,COALINDIA27FEB25F,FUTSTK,373.85,7355250,373.7,373.9,59083500,2100,1050,COALINDIA,27-FEB-2025
2025-02-03 13:47:06.688596,COALINDIA27FEB25F,FUTSTK,373.85,7355250,373.75,373.95,59083500,1050,2100,COALINDIA,27-FEB-2025
2025-02-03 13:47:14.768233,COALINDIA27FEB25F,FUTSTK,373.85,7355250,373.75,373.95,59083500,1050,3150,COALINDIA,27-FEB-2025
2025-02-03 13:47:21.306336,COALINDIA27FEB25F,FUTSTK,373.85,7355250,373.75,374.0,59083500,5250,3150,COALINDIA,27-FEB-2025
2025-02-03 13:47:27.812968,COALINDIA27FEB25F,FUTSTK,373.85,7355250,373.9,374.1,59083500,2100,2100,COALINDIA,27-FEB-2025
2025-02-03 13:47:34.259052,COALINDIA27FEB25F,FUTSTK,373.85,7355250,373.9,374.05,59083500,1050,1050,COALINDIA,27-FEB-2025
2025-02-03 13:47:40.977297,COALINDIA27FEB25F,FUTSTK,374.0,7356300,373.9,374.05,59083500,1050,1050,COALINDIA,27-FEB-2025
2025-02-03 13:47:47.443259,COALINDIA27FEB25F,FUTSTK,374.05,7357350,373.9,374.05,59083500,1050,1050,COALINDIA,27-FEB-2025
2025-02-03 13:47:53.879440,COALINDIA27FEB25F,FUTSTK,374.05,7357350,373.95,374.15,59083500,3150,4200,COALINDIA,27-FEB-2025
2025-02-03 13:48:00.442756,COALINDIA27FEB25F,FUTSTK,374.05,7357350,373.95,374.15,59083500,3150,2100,COALINDIA,27-FEB-2025
2025-02-03 13:48:07.953000,COALINDIA27FEB25F,FUTSTK,374.05,7358400,373.95,374.05,59083500,1050,2100,COALINDIA,27-FEB-2025
2025-02-03 13:48:14.714984,COALINDIA27FEB25F,FUTSTK,374.05,7360500,373.95,374.05,59083500,1050,2100,COALINDIA,27-FEB-2025
2025-02-03 13:48:21.162985,COALINDIA27FEB25F,FUTSTK,374.0,7363650,373.75,373.95,59083500,1050,1050,COALINDIA,27-FEB-2025
2025-02-03 13:48:27.753542,COALINDIA27FEB25F,FUTSTK,373.9,7364700,373.75,373.95,59083500,2100,4200,COALINDIA,27-FEB-2025
2025-02-03 13:48:34.187952,COALINDIA27FEB25F,FUTSTK,373.7,7365750,373.7,373.9,59083500,1050,1050,COALINDIA,27-FEB-2025
2025-02-03 13:48:40.583121,COALINDIA27FEB25F,FUTSTK,373.7,7365750,373.75,373.95,59083500,3150,1050,COALINDIA,27-FEB-2025
2025-02-03 13:48:46.905128,COALINDIA27FEB25F,FUTSTK,373.7,7365750,373.75,373.95,59083500,1050,1050,COALINDIA,27-FEB-2025
2025-02-03 13:48:53.263084,COALINDIA27FEB25F,FUTSTK,373.75,7367850,373.65,373.85,59083500,3150,3150,COALINDIA,27-FEB-2025
2025-02-03 13:49:00.066771,COALINDIA27FEB25F,FUTSTK,373.75,7367850,373.55,373.8,59083500,5250,4200,COALINDIA,27-FEB-2025
2025-02-03 13:49:06.631628,COALINDIA27FEB25F,FUTSTK,373.75,7367850,373.55,373.75,59083500,2100,2100,COALINDIA,27-FEB-2025
2025-02-03 13:49:13.132532,COALINDIA27FEB25F,FUTSTK,373.75,7367850,373.55,373.75,59083500,2100,3150,COALINDIA,27-FEB-2025
2025-02-03 13:49:19.680965,COALINDIA27FEB25F,FUTSTK,373.55,7369950,373.5,373.7,59074050,1050,2100,COALINDIA,27-FEB-2025
2025-02-03 13:49:26.096485,COALINDIA27FEB25F,FUTSTK,373.75,7376250,373.6,373.8,59074050,2100,2100,COALINDIA,27-FEB-2025
2025-02-03 13:49:32.613917,COALINDIA27FEB25F,FUTSTK,373.75,7376250,373.65,373.8,59074050,1050,1050,COALINDIA,27-FEB-2025
2025-02-03 13:49:38.938541,COALINDIA27FEB25F,FUTSTK,373.6,7376250,373.6,373.85,59074050,2100,6300,COALINDIA,27-FEB-2025
2025-02-03 13:49:45.467946,COALINDIA27FEB25F,FUTSTK,373.6,7379400,373.65,373.85,59074050,2100,1050,COALINDIA,27-FEB-2025
2025-02-03 13:49:52.105453,COALINDIA27FEB25F,FUTSTK,373.7,7381500,373.55,373.75,59074050,4200,3150,COALINDIA,27-FEB-2025
2025-02-03 13:49:58.793089,COALINDIA27FEB25F,FUTSTK,373.55,7384650,373.55,373.75,59074050,1050,5250,COALINDIA,27-FEB-2025
2025-02-03 13:50:06.008356,COALINDIA27FEB25F,FUTSTK,373.55,7385700,373.55,373.7,59074050,1050,1050,COALINDIA,27-FEB-2025
2025-02-03 13:50:12.716542,COALINDIA27FEB25F,FUTSTK,373.55,7386750,373.55,373.7,59074050,1050,1050,COALINDIA,27-FEB-2025
2025-02-03 13:50:19.313889,COALINDIA27FEB25F,FUTSTK,373.55,7386750,373.55,373.7,59074050,2100,2100,COALINDIA,27-FEB-2025
2025-02-03 13:50:25.840513,COALINDIA27FEB25F,FUTSTK,373.55,7387800,373.35,373.55,59074050,2100,2100,COALINDIA,27-FEB-2025
2025-02-03 13:50:32.608774,COALINDIA27FEB25F,FUTSTK,373.3,7389900,373.3,373.5,59074050,2100,2100,COALINDIA,27-FEB-2025
2025-02-03 13:50:39.047779,COALINDIA27FEB25F,FUTSTK,373.3,7389900,373.3,373.5,59074050,3150,3150,COALINDIA,27-FEB-2025
2025-02-03 13:50:45.474854,COALINDIA27FEB25F,FUTSTK,373.3,7389900,373.3,373.5,59074050,2100,6300,COALINDIA,27-FEB-2025
2025-02-03 13:50:52.057491,COALINDIA27FEB25F,FUTSTK,373.3,7390950,373.25,373.45,59074050,3150,1050,COALINDIA,27-FEB-2025
2025-02-03 13:50:58.766945,COALINDIA27FEB25F,FUTSTK,373.5,7396200,373.35,373.55,59074050,1050,3150,COALINDIA,27-FEB-2025
2025-02-03 13:51:05.475633,COALINDIA27FEB25F,FUTSTK,373.25,7398300,373.25,373.5,59074050,2100,8400,COALINDIA,27-FEB-2025
2025-02-03 13:51:12.028660,COALINDIA27FEB25F,FUTSTK,373.25,7400400,373.2,373.4,59074050,3150,3150,COALINDIA,27-FEB-2025
2025-02-03 13:51:18.680980,COALINDIA27FEB25F,FUTSTK,373.4,7402500,373.25,373.4,59074050,3150,1050,COALINDIA,27-FEB-2025
2025-02-03 13:51:25.013071,COALINDIA27FEB25F,FUTSTK,373.4,7402500,373.2,373.35,59074050,1050,3150,COALINDIA,27-FEB-2025
2025-02-03 13:51:31.453217,COALINDIA27FEB25F,FUTSTK,373.1,7407750,373.1,373.2,59074050,1050,1050,COALINDIA,27-FEB-2025
2025-02-03 13:51:37.905607,COALINDIA27FEB25F,FUTSTK,372.95,7413000,372.95,373.15,59074050,2100,1050,COALINDIA,27-FEB-2025
2025-02-03 13:51:44.238989,COALINDIA27FEB25F,FUTSTK,373.0,7415100,372.85,373.05,59074050,5250,1050,COALINDIA,27-FEB-2025
2025-02-03 13:51:50.507746,COALINDIA27FEB25F,FUTSTK,373.0,7415100,372.85,373.05,59074050,2100,2100,COALINDIA,27-FEB-2025
2025-02-03 13:51:56.883606,COALINDIA27FEB25F,FUTSTK,372.8,7416150,372.8,373.0,59074050,2100,2100,COALINDIA,27-FEB-2025
2025-02-03 13:52:05.658859,COALINDIA27FEB25F,FUTSTK,372.9,7420350,372.8,372.95,59074050,2100,3150,COALINDIA,27-FEB-2025
2025-02-03 13:52:12.339100,COALINDIA27FEB25F,FUTSTK,372.65,7438200,372.5,372.7,59074050,2100,1050,COALINDIA,27-FEB-2025
2025-02-03 13:52:18.727638,COALINDIA27FEB25F,FUTSTK,372.7,7444500,372.5,372.7,59074050,1050,2100,COALINDIA,27-FEB-2025
2025-02-03 13:52:25.431496,COALINDIA27FEB25F,FUTSTK,372.7,7444500,372.5,372.7,59074050,1050,3150,COALINDIA,27-FEB-2025
2025-02-03 13:52:31.797705,COALINDIA27FEB25F,FUTSTK,372.45,7444500,372.45,372.7,59055150,5250,4200,COALINDIA,27-FEB-2025
2025-02-03 13:52:38.631916,COALINDIA27FEB25F,FUTSTK,372.5,7446600,372.35,372.5,59055150,1050,3150,COALINDIA,27-FEB-2025
2025-02-03 13:52:45.626909,COALINDIA27FEB25F,FUTSTK,372.55,7456050,372.4,372.6,59055150,1050,3150,COALINDIA,27-FEB-2025
2025-02-03 13:52:52.108407,COALINDIA27FEB25F,FUTSTK,372.55,7456050,372.4,372.6,59055150,1050,3150,COALINDIA,27-FEB-2025
2025-02-03 13:52:58.568033,COALINDIA27FEB25F,FUTSTK,372.55,7459200,372.4,372.6,59055150,2100,2100,COALINDIA,27-FEB-2025
2025-02-03 13:53:06.110086,COALINDIA27FEB25F,FUTSTK,372.5,7461300,372.4,372.6,59055150,4200,3150,COALINDIA,27-FEB-2025
2025-02-03 13:53:12.712244,COALINDIA27FEB25F,FUTSTK,372.5,7461300,372.4,372.55,59055150,1050,1050,COALINDIA,27-FEB-2025
2025-02-03 13:53:19.190664,COALINDIA27FEB25F,FUTSTK,372.45,7463400,372.35,372.6,59055150,2100,4200,COALINDIA,27-FEB-2025
2025-02-03 13:53:25.799296,COALINDIA27FEB25F,FUTSTK,372.55,7464450,372.4,372.6,59055150,4200,1050,COALINDIA,27-FEB-2025
2025-02-03 13:53:32.366190,COALINDIA27FEB25F,FUTSTK,372.55,7464450,372.4,372.6,59055150,5250,1050,COALINDIA,27-FEB-2025
2025-02-03 13:53:39.803627,COALINDIA27FEB25F,FUTSTK,372.55,7464450,372.4,372.5,59055150,1050,1050,COALINDIA,27-FEB-2025
2025-02-03 13:53:46.119007,COALINDIA27FEB25F,FUTSTK,372.35,7466550,372.5,372.6,59055150,1050,1050,COALINDIA,27-FEB-2025
2025-02-03 13:53:52.602231,COALINDIA27FEB25F,FUTSTK,372.35,7466550,372.5,372.6,59055150,1050,1050,COALINDIA,27-FEB-2025
2025-02-03 13:53:59.164859,COALINDIA27FEB25F,FUTSTK,372.4,7470750,372.4,372.55,59055150,1050,1050,COALINDIA,27-FEB-2025
2025-02-03 13:54:05.588259,COALINDIA27FEB25F,FUTSTK,372.4,7470750,372.3,372.5,59055150,1050,9450,COALINDIA,27-FEB-2025
2025-02-03 13:54:11.915353,COALINDIA27FEB25F,FUTSTK,372.4,7470750,372.25,372.45,59055150,3150,2100,COALINDIA,27-FEB-2025
2025-02-03 13:54:18.182617,COALINDIA27FEB25F,FUTSTK,372.25,7471800,372.25,372.45,59055150,3150,2100,COALINDIA,27-FEB-2025
2025-02-03 13:54:24.742683,COALINDIA27FEB25F,FUTSTK,372.25,7471800,372.25,372.45,59055150,3150,2100,COALINDIA,27-FEB-2025
2025-02-03 13:54:31.128176,COALINDIA27FEB25F,FUTSTK,372.3,7474950,372.2,372.4,59055150,3150,8400,COALINDIA,27-FEB-2025
2025-02-03 13:54:37.682295,COALINDIA27FEB25F,FUTSTK,372.3,7474950,372.2,372.3,59055150,1050,1050,COALINDIA,27-FEB-2025
2025-02-03 13:54:44.263125,COALINDIA27FEB25F,FUTSTK,372.3,7474950,372.2,372.35,59055150,1050,9450,COALINDIA,27-FEB-2025
2025-02-03 13:54:52.055760,COALINDIA27FEB25F,FUTSTK,372.15,7476000,372.1,372.3,59055150,1050,9450,COALINDIA,27-FEB-2025
2025-02-03 13:54:58.494626,COALINDIA27FEB25F,FUTSTK,372.1,7478100,372.1,372.3,59055150,2100,1050,COALINDIA,27-FEB-2025
2025-02-03 13:55:05.157237,COALINDIA27FEB25F,FUTSTK,372.3,7481250,372.1,372.3,59055150,1050,2100,COALINDIA,27-FEB-2025
2025-02-03 13:55:11.705489,COALINDIA27FEB25F,FUTSTK,372.3,7481250,372.1,372.3,59055150,1050,1050,COALINDIA,27-FEB-2025
2025-02-03 13:55:18.321954,COALINDIA27FEB25F,FUTSTK,372.25,7482300,372.2,372.4,59055150,1050,1050,COALINDIA,27-FEB-2025
2025-02-03 13:55:25.077898,COALINDIA27FEB25F,FUTSTK,372.25,7482300,372.1,372.35,59055150,2100,11550,COALINDIA,27-FEB-2025
2025-02-03 13:55:31.584060,COALINDIA27FEB25F,FUTSTK,372.15,7484400,372.15,372.35,59039400,2100,1050,COALINDIA,27-FEB-2025
2025-02-03 13:55:37.933230,COALINDIA27FEB25F,FUTSTK,372.15,7484400,372.2,372.45,59039400,4200,11550,COALINDIA,27-FEB-2025
2025-02-03 13:55:44.444472,COALINDIA27FEB25F,FUTSTK,372.15,7484400,372.2,372.35,59039400,1050,9450,COALINDIA,27-FEB-2025
2025-02-03 13:55:50.997841,COALINDIA27FEB25F,FUTSTK,372.35,7485450,372.2,372.4,59039400,2100,9450,COALINDIA,27-FEB-2025
2025-02-03 13:55:57.323705,COALINDIA27FEB25F,FUTSTK,372.25,7488600,372.1,372.3,59039400,3150,1050,COALINDIA,27-FEB-2025
2025-02-03 13:56:03.670876,COALINDIA27FEB25F,FUTSTK,372.25,7488600,372.15,372.35,59039400,2100,2100,COALINDIA,27-FEB-2025
2025-02-03 13:56:10.035541,COALINDIA27FEB25F,FUTSTK,372.25,7488600,372.2,372.4,59039400,5250,2100,COALINDIA,27-FEB-2025
2025-02-03 13:56:16.489619,COALINDIA27FEB25F,FUTSTK,372.25,7488600,372.3,372.55,59039400,4200,8400,COALINDIA,27-FEB-2025
2025-02-03 13:56:23.061060,COALINDIA27FEB25F,FUTSTK,372.25,7488600,372.35,372.55,59039400,1050,8400,COALINDIA,27-FEB-2025
2025-02-03 13:56:29.656241,COALINDIA27FEB25F,FUTSTK,372.25,7488600,372.3,372.5,59039400,1050,9450,COALINDIA,27-FEB-2025
2025-02-03 13:56:36.146184,COALINDIA27FEB25F,FUTSTK,372.25,7488600,372.2,372.4,59039400,2100,1050,COALINDIA,27-FEB-2025
2025-02-03 13:56:42.414459,COALINDIA27FEB25F,FUTSTK,372.25,7488600,372.15,372.4,59039400,4200,10500,COALINDIA,27-FEB-2025
2025-02-03 13:56:49.001142,COALINDIA27FEB25F,FUTSTK,372.25,7488600,372.1,372.3,59039400,1050,8400,COALINDIA,27-FEB-2025
2025-02-03 13:56:55.417925,COALINDIA27FEB25F,FUTSTK,372.25,7488600,372.25,372.3,59039400,3150,2100,COALINDIA,27-FEB-2025
2025-02-03 13:57:01.895863,COALINDIA27FEB25F,FUTSTK,372.3,7489650,372.35,372.5,59039400,1050,7350,COALINDIA,27-FEB-2025
2025-02-03 13:57:08.295504,COALINDIA27FEB25F,FUTSTK,372.3,7489650,372.35,372.5,59039400,1050,7350,COALINDIA,27-FEB-2025
2025-02-03 13:57:14.867053,COALINDIA27FEB25F,FUTSTK,372.3,7489650,372.35,372.5,59039400,1050,7350,COALINDIA,27-FEB-2025
2025-02-03 13:57:21.623502,COALINDIA27FEB25F,FUTSTK,372.3,7489650,372.35,372.55,59039400,2100,1050,COALINDIA,27-FEB-2025
2025-02-03 13:57:28.448309,COALINDIA27FEB25F,FUTSTK,372.3,7489650,372.35,372.5,59039400,1050,1050,COALINDIA,27-FEB-2025
2025-02-03 13:57:35.167733,COALINDIA27FEB25F,FUTSTK,372.3,7489650,372.35,372.5,59039400,1050,1050,COALINDIA,27-FEB-2025
2025-02-03 13:57:41.562968,COALINDIA27FEB25F,FUTSTK,372.35,7490700,372.25,372.4,59039400,2100,8400,COALINDIA,27-FEB-2025
2025-02-03 13:57:47.913130,COALINDIA27FEB25F,FUTSTK,372.3,7501200,372.2,372.35,59039400,1050,8400,COALINDIA,27-FEB-2025
2025-02-03 13:57:54.236629,COALINDIA27FEB25F,FUTSTK,372.3,7501200,372.2,372.35,59039400,1050,8400,COALINDIA,27-FEB-2025
2025-02-03 13:58:00.975598,COALINDIA27FEB25F,FUTSTK,372.3,7501200,372.2,372.35,59039400,1050,9450,COALINDIA,27-FEB-2025
2025-02-03 13:58:07.459084,COALINDIA27FEB25F,FUTSTK,372.25,7513800,372.15,372.4,59039400,2100,12600,COALINDIA,27-FEB-2025
2025-02-03 13:58:13.913687,COALINDIA27FEB25F,FUTSTK,372.25,7513800,372.2,372.4,59039400,2100,1050,COALINDIA,27-FEB-2025
2025-02-03 13:58:20.754105,COALINDIA27FEB25F,FUTSTK,372.25,7513800,372.25,372.4,59039400,1050,2100,COALINDIA,27-FEB-2025
2025-02-03 13:58:27.813381,COALINDIA27FEB25F,FUTSTK,372.45,7515900,372.3,372.4,59037300,1050,1050,COALINDIA,27-FEB-2025
2025-02-03 13:58:34.980802,COALINDIA27FEB25F,FUTSTK,372.45,7515900,372.3,372.5,59037300,2100,8400,COALINDIA,27-FEB-2025
2025-02-03 13:58:41.619495,COALINDIA27FEB25F,FUTSTK,372.25,7519050,372.3,372.4,59037300,1050,1050,COALINDIA,27-FEB-2025
2025-02-03 13:58:48.358217,COALINDIA27FEB25F,FUTSTK,372.25,7519050,372.3,372.4,59037300,1050,2100,COALINDIA,27-FEB-2025
2025-02-03 13:58:55.759453,COALINDIA27FEB25F,FUTSTK,372.25,7519050,372.3,372.4,59037300,1050,3150,COALINDIA,27-FEB-2025
2025-02-03 13:59:02.256535,COALINDIA27FEB25F,FUTSTK,372.25,7519050,372.3,372.4,59037300,1050,1050,COALINDIA,27-FEB-2025
2025-02-03 13:59:08.629692,COALINDIA27FEB25F,FUTSTK,372.25,7519050,372.3,372.4,59037300,1050,2100,COALINDIA,27-FEB-2025
2025-02-03 13:59:15.075411,COALINDIA27FEB25F,FUTSTK,372.4,7520100,372.3,372.4,59037300,1050,2100,COALINDIA,27-FEB-2025
2025-02-03 13:59:21.601381,COALINDIA27FEB25F,FUTSTK,372.4,7521150,372.3,372.5,59037300,2100,10500,COALINDIA,27-FEB-2025
2025-02-03 13:59:28.134271,COALINDIA27FEB25F,FUTSTK,372.4,7521150,372.3,372.45,59037300,1050,8400,COALINDIA,27-FEB-2025
2025-02-03 13:59:34.374057,COALINDIA27FEB25F,FUTSTK,372.4,7521150,372.3,372.45,59037300,1050,8400,COALINDIA,27-FEB-2025
2025-02-03 13:59:41.866116,COALINDIA27FEB25F,FUTSTK,372.4,7521150,372.35,372.5,59037300,2100,7350,COALINDIA,27-FEB-2025
2025-02-03 13:59:48.470644,COALINDIA27FEB25F,FUTSTK,372.5,7522200,372.4,372.55,59037300,2100,8400,COALINDIA,27-FEB-2025
2025-02-03 13:59:55.116339,COALINDIA27FEB25F,FUTSTK,372.5,7524300,372.45,372.55,59037300,1050,1050,COALINDIA,27-FEB-2025
2025-02-03 14:00:01.675797,COALINDIA27FEB25F,FUTSTK,372.45,7526400,372.3,372.5,59037300,1050,9450,COALINDIA,27-FEB-2025
2025-02-03 14:00:08.215353,COALINDIA27FEB25F,FUTSTK,372.45,7526400,372.35,372.55,59037300,4200,2100,COALINDIA,27-FEB-2025
2025-02-03 14:00:14.761357,COALINDIA27FEB25F,FUTSTK,372.45,7526400,372.35,372.55,59037300,2100,2100,COALINDIA,27-FEB-2025
2025-02-03 14:00:21.295572,COALINDIA27FEB25F,FUTSTK,372.45,7526400,372.35,372.55,59037300,3150,3150,COALINDIA,27-FEB-2025
2025-02-03 14:00:28.675177,COALINDIA27FEB25F,FUTSTK,372.45,7526400,372.35,372.55,59037300,2100,3150,COALINDIA,27-FEB-2025
2025-02-03 14:00:35.121548,COALINDIA27FEB25F,FUTSTK,372.45,7526400,372.4,372.45,59037300,1050,5250,COALINDIA,27-FEB-2025
2025-02-03 14:00:41.899339,COALINDIA27FEB25F,FUTSTK,372.5,7531650,372.4,372.6,59037300,2100,3150,COALINDIA,27-FEB-2025
2025-02-03 14:00:49.354826,COALINDIA27FEB25F,FUTSTK,372.6,7532700,372.5,372.65,59037300,1050,7350,COALINDIA,27-FEB-2025
2025-02-03 14:00:58.386711,COALINDIA27FEB25F,FUTSTK,372.5,7534800,372.5,372.7,59037300,3150,8400,COALINDIA,27-FEB-2025
2025-02-03 14:01:04.871270,COALINDIA27FEB25F,FUTSTK,372.5,7534800,372.5,372.7,59037300,2100,8400,COALINDIA,27-FEB-2025
2025-02-03 14:01:11.340441,COALINDIA27FEB25F,FUTSTK,372.7,7535850,372.55,372.8,59037300,3150,7350,COALINDIA,27-FEB-2025
2025-02-03 14:01:18.219650,COALINDIA27FEB25F,FUTSTK,372.7,7535850,372.55,372.75,59037300,2100,1050,COALINDIA,27-FEB-2025
2025-02-03 14:01:24.859078,COALINDIA27FEB25F,FUTSTK,372.7,7535850,372.55,372.7,59037300,1050,6300,COALINDIA,27-FEB-2025
2025-02-03 14:01:31.673951,COALINDIA27FEB25F,FUTSTK,372.7,7535850,372.65,372.8,59037300,2100,1050,COALINDIA,27-FEB-2025
2025-02-03 14:01:38.377523,COALINDIA27FEB25F,FUTSTK,372.7,7535850,372.65,372.8,59037300,2100,1050,COALINDIA,27-FEB-2025
2025-02-03 14:01:45.904814,COALINDIA27FEB25F,FUTSTK,372.65,7537950,372.6,372.75,59027850,2100,8400,COALINDIA,27-FEB-2025
2025-02-03 14:01:52.605048,COALINDIA27FEB25F,FUTSTK,372.6,7540050,372.45,372.6,59027850,2100,1050,COALINDIA,27-FEB-2025
2025-02-03 14:01:59.266513,COALINDIA27FEB25F,FUTSTK,372.6,7540050,372.4,372.6,59027850,2100,1050,COALINDIA,27-FEB-2025
2025-02-03 14:02:05.719748,COALINDIA27FEB25F,FUTSTK,372.6,7540050,372.4,372.55,59027850,1050,7350,COALINDIA,27-FEB-2025
2025-02-03 14:02:12.348743,COALINDIA27FEB25F,FUTSTK,372.45,7541100,372.4,372.6,59027850,2100,4200,COALINDIA,27-FEB-2025
2025-02-03 14:02:19.240349,COALINDIA27FEB25F,FUTSTK,372.45,7541100,372.4,372.6,59027850,2100,5250,COALINDIA,27-FEB-2025
2025-02-03 14:02:26.015319,COALINDIA27FEB25F,FUTSTK,372.45,7541100,372.4,372.6,59027850,2100,4200,COALINDIA,27-FEB-2025
2025-02-03 14:02:32.663208,COALINDIA27FEB25F,FUTSTK,372.45,7541100,372.5,372.75,59027850,2100,10500,COALINDIA,27-FEB-2025
2025-02-03 14:02:39.233274,COALINDIA27FEB25F,FUTSTK,372.6,7541100,372.6,372.8,59027850,2100,7350,COALINDIA,27-FEB-2025
2025-02-03 14:02:45.881364,COALINDIA27FEB25F,FUTSTK,372.6,7542150,372.6,372.8,59027850,1050,9450,COALINDIA,27-FEB-2025
2025-02-03 14:02:52.636977,COALINDIA27FEB25F,FUTSTK,372.8,7543200,372.7,372.9,59027850,1050,8400,COALINDIA,27-FEB-2025
2025-02-03 14:02:59.164504,COALINDIA27FEB25F,FUTSTK,372.8,7543200,372.7,372.9,59027850,1050,10500,COALINDIA,27-FEB-2025
2025-02-03 14:03:05.878869,COALINDIA27FEB25F,FUTSTK,372.8,7543200,372.7,372.9,59027850,1050,9450,COALINDIA,27-FEB-2025
2025-02-03 14:03:12.454041,COALINDIA27FEB25F,FUTSTK,372.8,7543200,372.8,372.9,59027850,1050,3150,COALINDIA,27-FEB-2025
2025-02-03 14:03:18.928286,COALINDIA27FEB25F,FUTSTK,372.8,7543200,372.8,372.9,59027850,1050,2100,COALINDIA,27-FEB-2025
2025-02-03 14:03:25.587884,COALINDIA27FEB25F,FUTSTK,372.8,7543200,372.8,372.9,59027850,1050,2100,COALINDIA,27-FEB-2025
2025-02-03 14:03:32.233786,COALINDIA27FEB25F,FUTSTK,372.8,7543200,372.8,372.9,59027850,1050,2100,COALINDIA,27-FEB-2025
2025-02-03 14:03:39.041334,COALINDIA27FEB25F,FUTSTK,372.8,7543200,372.8,372.9,59027850,1050,2100,COALINDIA,27-FEB-2025
2025-02-03 14:03:45.661838,COALINDIA27FEB25F,FUTSTK,372.9,7543200,372.8,372.9,59027850,1050,2100,COALINDIA,27-FEB-2025
2025-02-03 14:03:52.159108,COALINDIA27FEB25F,FUTSTK,372.75,7543200,372.8,372.9,59027850,1050,2100,COALINDIA,27-FEB-2025
2025-02-03 14:03:59.225473,COALINDIA27FEB25F,FUTSTK,372.75,7543200,372.8,372.9,59027850,1050,2100,COALINDIA,27-FEB-2025
2025-02-03 14:04:05.835888,COALINDIA27FEB25F,FUTSTK,372.75,7560000,372.5,372.7,59027850,4200,1050,COALINDIA,27-FEB-2025
2025-02-03 14:04:12.338726,COALINDIA27FEB25F,FUTSTK,372.75,7560000,372.5,372.7,59027850,4200,1050,COALINDIA,27-FEB-2025
2025-02-03 14:04:19.207225,COALINDIA27FEB25F,FUTSTK,372.75,7560000,372.5,372.7,59027850,4200,1050,COALINDIA,27-FEB-2025
2025-02-03 14:04:25.818358,COALINDIA27FEB25F,FUTSTK,372.7,7560000,372.5,372.7,59035200,4200,1050,COALINDIA,27-FEB-2025
2025-02-03 14:04:32.498318,COALINDIA27FEB25F,FUTSTK,372.7,7561050,372.6,372.9,59035200,1050,8400,COALINDIA,27-FEB-2025
2025-02-03 14:04:38.912220,COALINDIA27FEB25F,FUTSTK,372.7,7561050,372.6,372.9,59035200,1050,8400,COALINDIA,27-FEB-2025
2025-02-03 14:04:45.396933,COALINDIA27FEB25F,FUTSTK,372.7,7561050,372.75,373.0,59035200,3150,5250,COALINDIA,27-FEB-2025
2025-02-03 14:04:52.285241,COALINDIA27FEB25F,FUTSTK,372.7,7561050,372.75,373.0,59035200,2100,6300,COALINDIA,27-FEB-2025
2025-02-03 14:04:58.935353,COALINDIA27FEB25F,FUTSTK,373.0,7562100,372.8,373.0,59035200,1050,3150,COALINDIA,27-FEB-2025
2025-02-03 14:05:05.606740,COALINDIA27FEB25F,FUTSTK,373.0,7562100,372.8,372.95,59035200,1050,3150,COALINDIA,27-FEB-2025
2025-02-03 14:05:12.188737,COALINDIA27FEB25F,FUTSTK,373.0,7562100,372.85,373.0,59035200,1050,2100,COALINDIA,27-FEB-2025
2025-02-03 14:05:18.568047,COALINDIA27FEB25F,FUTSTK,373.0,7562100,372.9,373.1,59035200,1050,9450,COALINDIA,27-FEB-2025
2025-02-03 14:05:24.917560,COALINDIA27FEB25F,FUTSTK,373.0,7562100,372.9,373.1,59035200,1050,7350,COALINDIA,27-FEB-2025
2025-02-03 14:05:31.521283,COALINDIA27FEB25F,FUTSTK,373.0,7562100,372.95,373.1,59035200,1050,2100,COALINDIA,27-FEB-2025
2025-02-03 14:05:38.062273,COALINDIA27FEB25F,FUTSTK,372.95,7563150,373.0,373.1,59035200,10500,2100,COALINDIA,27-FEB-2025
2025-02-03 14:05:44.928848,COALINDIA27FEB25F,FUTSTK,372.95,7563150,373.0,373.1,59035200,10500,1050,COALINDIA,27-FEB-2025
2025-02-03 14:05:51.699318,COALINDIA27FEB25F,FUTSTK,372.95,7563150,373.0,373.1,59035200,10500,2100,COALINDIA,27-FEB-2025
2025-02-03 14:05:58.531886,COALINDIA27FEB25F,FUTSTK,372.95,7563150,373.0,373.1,59035200,10500,3150,COALINDIA,27-FEB-2025
2025-02-03 14:06:05.527342,COALINDIA27FEB25F,FUTSTK,372.85,7574700,372.75,372.95,59035200,2100,2100,COALINDIA,27-FEB-2025
2025-02-03 14:06:12.188012,COALINDIA27FEB25F,FUTSTK,372.85,7574700,372.75,372.95,59035200,4200,2100,COALINDIA,27-FEB-2025
2025-02-03 14:06:18.626014,COALINDIA27FEB25F,FUTSTK,372.85,7574700,372.75,372.95,59035200,4200,2100,COALINDIA,27-FEB-2025
2025-02-03 14:06:25.113023,COALINDIA27FEB25F,FUTSTK,372.85,7574700,372.85,372.95,59035200,4200,2100,COALINDIA,27-FEB-2025
2025-02-03 14:06:31.722145,COALINDIA27FEB25F,FUTSTK,373.0,7576800,372.95,373.15,59035200,2100,5250,COALINDIA,27-FEB-2025
2025-02-03 14:06:38.339126,COALINDIA27FEB25F,FUTSTK,373.0,7576800,373.05,373.25,59035200,2100,1050,COALINDIA,27-FEB-2025
2025-02-03 14:06:44.873106,COALINDIA27FEB25F,FUTSTK,373.0,7576800,373.05,373.25,59035200,2100,1050,COALINDIA,27-FEB-2025
2025-02-03 14:06:51.527902,COALINDIA27FEB25F,FUTSTK,373.0,7576800,373.05,373.25,59035200,1050,1050,COALINDIA,27-FEB-2025
2025-02-03 14:06:58.129772,COALINDIA27FEB25F,FUTSTK,373.0,7576800,373.0,373.15,59035200,7350,1050,COALINDIA,27-FEB-2025
2025-02-03 14:07:05.070753,COALINDIA27FEB25F,FUTSTK,373.15,7577850,373.0,373.15,59035200,5250,1050,COALINDIA,27-FEB-2025
2025-02-03 14:07:11.973269,COALINDIA27FEB25F,FUTSTK,373.15,7577850,373.05,373.2,59035200,4200,6300,COALINDIA,27-FEB-2025
2025-02-03 14:07:18.907353,COALINDIA27FEB25F,FUTSTK,373.1,7583100,372.95,373.15,59035200,1050,7350,COALINDIA,27-FEB-2025
2025-02-03 14:07:27.047797,COALINDIA27FEB25F,FUTSTK,373.1,7583100,372.95,373.15,59035200,2100,6300,COALINDIA,27-FEB-2025
2025-02-03 14:07:33.603165,COALINDIA27FEB25F,FUTSTK,373.15,7584150,373.05,373.2,59037300,1050,2100,COALINDIA,27-FEB-2025
2025-02-03 14:07:40.195306,COALINDIA27FEB25F,FUTSTK,373.2,7585200,373.1,373.3,59037300,2100,1050,COALINDIA,27-FEB-2025
2025-02-03 14:07:46.848182,COALINDIA27FEB25F,FUTSTK,373.2,7585200,373.2,373.35,59037300,1050,1050,COALINDIA,27-FEB-2025
2025-02-03 14:07:53.366852,COALINDIA27FEB25F,FUTSTK,373.2,7591500,373.05,373.25,59037300,2100,1050,COALINDIA,27-FEB-2025
2025-02-03 14:07:59.915704,COALINDIA27FEB25F,FUTSTK,373.1,7593600,373.0,373.15,59037300,1050,1050,COALINDIA,27-FEB-2025
2025-02-03 14:08:06.339235,COALINDIA27FEB25F,FUTSTK,373.1,7593600,373.1,373.3,59037300,2100,1050,COALINDIA,27-FEB-2025
2025-02-03 14:08:12.970806,COALINDIA27FEB25F,FUTSTK,373.1,7593600,373.05,373.3,59037300,1050,6300,COALINDIA,27-FEB-2025
2025-02-03 14:08:19.349097,COALINDIA27FEB25F,FUTSTK,373.1,7593600,373.1,373.3,59037300,3150,1050,COALINDIA,27-FEB-2025
2025-02-03 14:08:25.757041,COALINDIA27FEB25F,FUTSTK,373.1,7593600,373.05,373.25,59037300,1050,5250,COALINDIA,27-FEB-2025
2025-02-03 14:08:32.420137,COALINDIA27FEB25F,FUTSTK,373.1,7593600,373.1,373.3,59037300,1050,10500,COALINDIA,27-FEB-2025
2025-02-03 14:08:38.956554,COALINDIA27FEB25F,FUTSTK,373.1,7593600,373.05,373.25,59037300,1050,8400,COALINDIA,27-FEB-2025
2025-02-03 14:08:45.581895,COALINDIA27FEB25F,FUTSTK,373.1,7593600,373.1,373.25,59037300,1050,4200,COALINDIA,27-FEB-2025
2025-02-03 14:08:52.187410,COALINDIA27FEB25F,FUTSTK,373.25,7594650,373.1,373.25,59037300,1050,2100,COALINDIA,27-FEB-2025
2025-02-03 14:08:58.745204,COALINDIA27FEB25F,FUTSTK,373.25,7594650,373.05,373.25,59037300,1050,3150,COALINDIA,27-FEB-2025
2025-02-03 14:09:05.386928,COALINDIA27FEB25F,FUTSTK,373.25,7594650,373.0,373.25,59037300,1050,11550,COALINDIA,27-FEB-2025
2025-02-03 14:09:12.174730,COALINDIA27FEB25F,FUTSTK,373.25,7594650,373.0,373.15,59037300,1050,5250,COALINDIA,27-FEB-2025
2025-02-03 14:09:18.698972,COALINDIA27FEB25F,FUTSTK,373.0,7596750,372.95,373.1,59037300,1050,2100,COALINDIA,27-FEB-2025
2025-02-03 14:09:25.333088,COALINDIA27FEB25F,FUTSTK,373.1,7597800,373.05,373.15,59037300,1050,2100,COALINDIA,27-FEB-2025
2025-02-03 14:09:31.752539,COALINDIA27FEB25F,FUTSTK,373.15,7598850,373.15,373.3,59037300,1050,2100,COALINDIA,27-FEB-2025
2025-02-03 14:09:38.517468,COALINDIA27FEB25F,FUTSTK,373.25,7600950,373.15,373.4,59037300,1050,9450,COALINDIA,27-FEB-2025
2025-02-03 14:09:45.156672,COALINDIA27FEB25F,FUTSTK,373.25,7600950,373.15,373.35,59037300,1050,1050,COALINDIA,27-FEB-2025
2025-02-03 14:09:51.629705,COALINDIA27FEB25F,FUTSTK,373.25,7600950,373.1,373.3,59037300,2100,6300,COALINDIA,27-FEB-2025
2025-02-03 14:09:58.125498,COALINDIA27FEB25F,FUTSTK,373.25,7600950,373.05,373.2,59037300,2100,1050,COALINDIA,27-FEB-2025
2025-02-03 14:10:04.641849,COALINDIA27FEB25F,FUTSTK,373.25,7600950,373.05,373.2,59037300,2100,1050,COALINDIA,27-FEB-2025
2025-02-03 14:10:11.153677,COALINDIA27FEB25F,FUTSTK,373.3,7604100,373.15,373.35,59037300,2100,8400,COALINDIA,27-FEB-2025
2025-02-03 14:10:17.622594,COALINDIA27FEB25F,FUTSTK,373.3,7606200,373.15,373.35,59037300,1050,9450,COALINDIA,27-FEB-2025
2025-02-03 14:10:24.677624,COALINDIA27FEB25F,FUTSTK,373.3,7606200,373.15,373.3,59037300,1050,2100,COALINDIA,27-FEB-2025
2025-02-03 14:10:31.148643,COALINDIA27FEB25F,FUTSTK,373.3,7606200,373.15,373.3,59037300,1050,6300,COALINDIA,27-FEB-2025
2025-02-03 14:10:37.864150,COALINDIA27FEB25F,FUTSTK,373.15,7607250,373.15,373.25,59040450,1050,3150,COALINDIA,27-FEB-2025
2025-02-03 14:10:44.499000,COALINDIA27FEB25F,FUTSTK,373.25,7610400,373.15,373.3,59040450,1050,7350,COALINDIA,27-FEB-2025
2025-02-03 14:10:51.635782,COALINDIA27FEB25F,FUTSTK,373.25,7612500,373.15,373.3,59040450,1050,4200,COALINDIA,27-FEB-2025
2025-02-03 14:10:57.989788,COALINDIA27FEB25F,FUTSTK,373.2,7613550,373.15,373.25,59040450,1050,11550,COALINDIA,27-FEB-2025
2025-02-03 14:11:04.402633,COALINDIA27FEB25F,FUTSTK,373.25,7615650,373.15,373.25,59040450,1050,1050,COALINDIA,27-FEB-2025
2025-02-03 14:11:10.919183,COALINDIA27FEB25F,FUTSTK,373.25,7615650,373.15,373.3,59040450,1050,3150,COALINDIA,27-FEB-2025
2025-02-03 14:11:17.371689,COALINDIA27FEB25F,FUTSTK,373.15,7616700,373.1,373.3,59040450,2100,6300,COALINDIA,27-FEB-2025
2025-02-03 14:11:23.722326,COALINDIA27FEB25F,FUTSTK,373.1,7630350,373.05,373.25,59040450,2100,1050,COALINDIA,27-FEB-2025
2025-02-03 14:11:30.019813,COALINDIA27FEB25F,FUTSTK,373.1,7630350,373.05,373.25,59040450,2100,8400,COALINDIA,27-FEB-2025
2025-02-03 14:11:36.373864,COALINDIA27FEB25F,FUTSTK,373.1,7630350,373.1,373.25,59040450,1050,7350,COALINDIA,27-FEB-2025
2025-02-03 14:11:42.768173,COALINDIA27FEB25F,FUTSTK,373.1,7630350,373.1,373.25,59040450,1050,8400,COALINDIA,27-FEB-2025
2025-02-03 14:11:49.117140,COALINDIA27FEB25F,FUTSTK,373.1,7630350,373.1,373.25,59040450,1050,3150,COALINDIA,27-FEB-2025
2025-02-03 14:11:55.466249,COALINDIA27FEB25F,FUTSTK,373.1,7630350,373.1,373.25,59040450,1050,1050,COALINDIA,27-FEB-2025
2025-02-03 14:12:03.265323,COALINDIA27FEB25F,FUTSTK,373.3,7633500,373.2,373.4,59040450,3150,3150,COALINDIA,27-FEB-2025
2025-02-03 14:12:09.684076,COALINDIA27FEB25F,FUTSTK,373.3,7633500,373.25,373.4,59040450,3150,1050,COALINDIA,27-FEB-2025
2025-02-03 14:12:16.213480,COALINDIA27FEB25F,FUTSTK,373.4,7634550,373.3,373.5,59040450,4200,2100,COALINDIA,27-FEB-2025
2025-02-03 14:12:22.567464,COALINDIA27FEB25F,FUTSTK,373.4,7634550,373.3,373.5,59040450,2100,7350,COALINDIA,27-FEB-2025
2025-02-03 14:12:29.126965,COALINDIA27FEB25F,FUTSTK,373.45,7634550,373.35,373.5,59040450,1050,5250,COALINDIA,27-FEB-2025
2025-02-03 14:12:35.569249,COALINDIA27FEB25F,FUTSTK,373.45,7637700,373.4,373.6,59040450,2100,8400,COALINDIA,27-FEB-2025
2025-02-03 14:12:42.019830,COALINDIA27FEB25F,FUTSTK,373.45,7637700,373.4,373.6,59040450,1050,8400,COALINDIA,27-FEB-2025
2025-02-03 14:12:48.526007,COALINDIA27FEB25F,FUTSTK,373.5,7637700,373.4,373.6,59040450,1050,8400,COALINDIA,27-FEB-2025
2025-02-03 14:12:54.832102,COALINDIA27FEB25F,FUTSTK,373.5,7637700,373.4,373.6,59040450,1050,8400,COALINDIA,27-FEB-2025
2025-02-03 14:13:01.325843,COALINDIA27FEB25F,FUTSTK,373.5,7639800,373.45,373.6,59040450,2100,1050,COALINDIA,27-FEB-2025
2025-02-03 14:13:07.600670,COALINDIA27FEB25F,FUTSTK,373.55,7639800,373.45,373.6,59040450,2100,1050,COALINDIA,27-FEB-2025
2025-02-03 14:13:14.219278,COALINDIA27FEB25F,FUTSTK,373.4,7639800,373.45,373.6,59040450,2100,1050,COALINDIA,27-FEB-2025
2025-02-03 14:13:20.576908,COALINDIA27FEB25F,FUTSTK,373.4,7639800,373.45,373.6,59040450,2100,1050,COALINDIA,27-FEB-2025
2025-02-03 14:13:26.992615,COALINDIA27FEB25F,FUTSTK,373.35,7639800,373.45,373.6,59040450,2100,1050,COALINDIA,27-FEB-2025
2025-02-03 14:13:33.469710,COALINDIA27FEB25F,FUTSTK,373.4,7645050,373.25,373.4,59050950,1050,8400,COALINDIA,27-FEB-2025
2025-02-03 14:13:40.266719,COALINDIA27FEB25F,FUTSTK,373.4,7645050,373.25,373.4,59050950,1050,8400,COALINDIA,27-FEB-2025
2025-02-03 14:13:46.807203,COALINDIA27FEB25F,FUTSTK,373.4,7645050,373.25,373.4,59050950,1050,8400,COALINDIA,27-FEB-2025
2025-02-03 14:13:53.126898,COALINDIA27FEB25F,FUTSTK,373.35,7645050,373.25,373.4,59050950,1050,8400,COALINDIA,27-FEB-2025
2025-02-03 14:13:59.590493,COALINDIA27FEB25F,FUTSTK,373.25,7647150,373.25,373.4,59050950,1050,7350,COALINDIA,27-FEB-2025
2025-02-03 14:14:06.075387,COALINDIA27FEB25F,FUTSTK,373.25,7647150,373.25,373.4,59050950,1050,7350,COALINDIA,27-FEB-2025
2025-02-03 14:14:12.288538,COALINDIA27FEB25F,FUTSTK,373.3,7647150,373.25,373.4,59050950,1050,7350,COALINDIA,27-FEB-2025
2025-02-03 14:14:18.860145,COALINDIA27FEB25F,FUTSTK,373.3,7647150,373.25,373.4,59050950,1050,7350,COALINDIA,27-FEB-2025
2025-02-03 14:14:25.137973,COALINDIA27FEB25F,FUTSTK,373.25,7650300,373.1,373.2,59050950,1050,2100,COALINDIA,27-FEB-2025
2025-02-03 14:14:31.588721,COALINDIA27FEB25F,FUTSTK,373.35,7650300,373.1,373.2,59050950,1050,2100,COALINDIA,27-FEB-2025
2025-02-03 14:14:38.194900,COALINDIA27FEB25F,FUTSTK,373.35,7650300,373.1,373.2,59050950,1050,2100,COALINDIA,27-FEB-2025
2025-02-03 14:14:44.505210,COALINDIA27FEB25F,FUTSTK,373.35,7653450,373.3,373.4,59050950,1050,1050,COALINDIA,27-FEB-2025
2025-02-03 14:14:50.896037,COALINDIA27FEB25F,FUTSTK,373.35,7653450,373.25,373.4,59050950,1050,2100,COALINDIA,27-FEB-2025
2025-02-03 14:14:56.985916,COALINDIA27FEB25F,FUTSTK,373.35,7653450,373.25,373.4,59050950,2100,2100,COALINDIA,27-FEB-2025
2025-02-03 14:15:03.324313,COALINDIA27FEB25F,FUTSTK,373.5,7654500,373.4,373.5,59050950,1050,1050,COALINDIA,27-FEB-2025
2025-02-03 14:15:09.640180,COALINDIA27FEB25F,FUTSTK,373.5,7655550,373.25,373.45,59050950,2100,3150,COALINDIA,27-FEB-2025
2025-02-03 14:15:15.996442,COALINDIA27FEB25F,FUTSTK,373.5,7655550,373.3,373.45,59050950,2100,2100,COALINDIA,27-FEB-2025
2025-02-03 14:15:22.417709,COALINDIA27FEB25F,FUTSTK,373.5,7655550,373.35,373.45,59050950,1050,2100,COALINDIA,27-FEB-2025
2025-02-03 14:15:28.813679,COALINDIA27FEB25F,FUTSTK,373.45,7655550,373.35,373.45,59050950,1050,2100,COALINDIA,27-FEB-2025
2025-02-03 14:15:35.155085,COALINDIA27FEB25F,FUTSTK,373.55,7659750,373.4,373.6,59050950,2100,6300,COALINDIA,27-FEB-2025
2025-02-03 14:15:41.530617,COALINDIA27FEB25F,FUTSTK,373.9,7672350,373.75,373.9,59050950,1050,2100,COALINDIA,27-FEB-2025
2025-02-03 14:15:47.688534,COALINDIA27FEB25F,FUTSTK,373.95,7674450,373.75,373.9,59050950,2100,1050,COALINDIA,27-FEB-2025
2025-02-03 14:15:54.032739,COALINDIA27FEB25F,FUTSTK,373.9,7675500,373.9,374.0,59050950,2100,4200,COALINDIA,27-FEB-2025
2025-02-03 14:16:00.437682,COALINDIA27FEB25F,FUTSTK,374.1,7680750,374.0,374.15,59050950,2100,2100,COALINDIA,27-FEB-2025
2025-02-03 14:16:06.904254,COALINDIA27FEB25F,FUTSTK,374.1,7682850,374.05,374.25,59050950,3150,5250,COALINDIA,27-FEB-2025
2025-02-03 14:16:13.207514,COALINDIA27FEB25F,FUTSTK,374.1,7682850,374.05,374.2,59050950,1050,8400,COALINDIA,27-FEB-2025
2025-02-03 14:16:19.746838,COALINDIA27FEB25F,FUTSTK,374.1,7682850,374.05,374.15,59050950,1050,1050,COALINDIA,27-FEB-2025
2025-02-03 14:16:26.001939,COALINDIA27FEB25F,FUTSTK,374.05,7686000,373.85,374.05,59039400,1050,4200,COALINDIA,27-FEB-2025
2025-02-03 14:16:32.358741,COALINDIA27FEB25F,FUTSTK,374.05,7686000,373.8,374.0,59039400,2100,4200,COALINDIA,27-FEB-2025
2025-02-03 14:16:38.592847,COALINDIA27FEB25F,FUTSTK,374.05,7686000,373.85,374.05,59039400,2100,2100,COALINDIA,27-FEB-2025
2025-02-03 14:16:44.806251,COALINDIA27FEB25F,FUTSTK,374.05,7686000,374.0,374.15,59039400,2100,1050,COALINDIA,27-FEB-2025
2025-02-03 14:16:51.169441,COALINDIA27FEB25F,FUTSTK,374.05,7686000,373.9,374.1,59039400,1050,1050,COALINDIA,27-FEB-2025
2025-02-03 14:16:57.602023,COALINDIA27FEB25F,FUTSTK,374.05,7686000,373.9,374.1,59039400,2100,2100,COALINDIA,27-FEB-2025
2025-02-03 14:17:03.871422,COALINDIA27FEB25F,FUTSTK,374.05,7686000,373.8,374.05,59039400,4200,5250,COALINDIA,27-FEB-2025
2025-02-03 14:17:10.220158,COALINDIA27FEB25F,FUTSTK,374.05,7686000,373.9,374.1,59039400,2100,3150,COALINDIA,27-FEB-2025
2025-02-03 14:17:16.509502,COALINDIA27FEB25F,FUTSTK,374.1,7689150,373.9,374.1,59039400,1050,1050,COALINDIA,27-FEB-2025
2025-02-03 14:17:22.869598,COALINDIA27FEB25F,FUTSTK,374.1,7689150,373.9,374.0,59039400,1050,1050,COALINDIA,27-FEB-2025
2025-02-03 14:17:29.275655,COALINDIA27FEB25F,FUTSTK,374.1,7689150,373.85,374.0,59039400,2100,2100,COALINDIA,27-FEB-2025
2025-02-03 14:17:35.676871,COALINDIA27FEB25F,FUTSTK,374.1,7689150,373.9,373.95,59039400,1050,2100,COALINDIA,27-FEB-2025
2025-02-03 14:17:41.980320,COALINDIA27FEB25F,FUTSTK,374.1,7689150,373.8,373.95,59039400,3150,3150,COALINDIA,27-FEB-2025
2025-02-03 14:17:48.309903,COALINDIA27FEB25F,FUTSTK,374.1,7689150,373.8,373.95,59039400,1050,2100,COALINDIA,27-FEB-2025
2025-02-03 14:17:54.502291,COALINDIA27FEB25F,FUTSTK,373.95,7691250,373.9,374.0,59039400,1050,3150,COALINDIA,27-FEB-2025
2025-02-03 14:18:01.061538,COALINDIA27FEB25F,FUTSTK,374.0,7692300,373.9,374.05,59039400,1050,1050,COALINDIA,27-FEB-2025
2025-02-03 14:18:07.325681,COALINDIA27FEB25F,FUTSTK,374.0,7692300,373.9,374.05,59039400,1050,8400,COALINDIA,27-FEB-2025
2025-02-03 14:18:13.787494,COALINDIA27FEB25F,FUTSTK,374.0,7692300,373.9,374.05,59039400,1050,9450,COALINDIA,27-FEB-2025
2025-02-03 14:18:20.142414,COALINDIA27FEB25F,FUTSTK,374.0,7692300,373.9,374.0,59039400,1050,1050,COALINDIA,27-FEB-2025
2025-02-03 14:18:26.469226,COALINDIA27FEB25F,FUTSTK,374.0,7692300,373.9,374.0,59039400,1050,2100,COALINDIA,27-FEB-2025
2025-02-03 14:18:33.783145,COALINDIA27FEB25F,FUTSTK,374.0,7694400,373.95,374.1,59039400,1050,8400,COALINDIA,27-FEB-2025
2025-02-03 14:18:40.065458,COALINDIA27FEB25F,FUTSTK,373.95,7695450,373.95,374.1,59039400,1050,8400,COALINDIA,27-FEB-2025
2025-02-03 14:18:46.439507,COALINDIA27FEB25F,FUTSTK,373.95,7695450,373.95,374.05,59039400,1050,3150,COALINDIA,27-FEB-2025
2025-02-03 14:18:52.796273,COALINDIA27FEB25F,FUTSTK,373.95,7695450,373.95,374.05,59039400,1050,2100,COALINDIA,27-FEB-2025
2025-02-03 14:18:59.231526,COALINDIA27FEB25F,FUTSTK,374.0,7696500,373.95,374.05,59039400,1050,3150,COALINDIA,27-FEB-2025
2025-02-03 14:19:05.563743,COALINDIA27FEB25F,FUTSTK,373.95,7699650,373.9,374.05,59039400,1050,9450,COALINDIA,27-FEB-2025
2025-02-03 14:19:11.989450,COALINDIA27FEB25F,FUTSTK,374.0,7701750,373.85,374.05,59039400,1050,10500,COALINDIA,27-FEB-2025
2025-02-03 14:19:18.352322,COALINDIA27FEB25F,FUTSTK,374.0,7701750,373.8,374.0,59039400,1050,3150,COALINDIA,27-FEB-2025
2025-02-03 14:19:25.658066,COALINDIA27FEB25F,FUTSTK,374.0,7701750,373.85,374.0,59039400,1050,2100,COALINDIA,27-FEB-2025
2025-02-03 14:19:31.892220,COALINDIA27FEB25F,FUTSTK,374.2,7709100,374.05,374.25,59044650,3150,7350,COALINDIA,27-FEB-2025
2025-02-03 14:19:38.314280,COALINDIA27FEB25F,FUTSTK,374.4,7718550,374.15,374.4,59044650,3150,3150,COALINDIA,27-FEB-2025
2025-02-03 14:19:44.691968,COALINDIA27FEB25F,FUTSTK,374.4,7718550,374.2,374.35,59044650,1050,2100,COALINDIA,27-FEB-2025
2025-02-03 14:19:51.151722,COALINDIA27FEB25F,FUTSTK,374.4,7718550,374.15,374.35,59044650,1050,2100,COALINDIA,27-FEB-2025
2025-02-03 14:19:57.480237,COALINDIA27FEB25F,FUTSTK,374.15,7719600,374.1,374.3,59044650,4200,1050,COALINDIA,27-FEB-2025
2025-02-03 14:20:03.879594,COALINDIA27FEB25F,FUTSTK,374.3,7722750,374.1,374.3,59044650,4200,1050,COALINDIA,27-FEB-2025
2025-02-03 14:20:10.204055,COALINDIA27FEB25F,FUTSTK,374.15,7723800,374.15,374.3,59044650,1050,2100,COALINDIA,27-FEB-2025
2025-02-03 14:20:16.384545,COALINDIA27FEB25F,FUTSTK,374.15,7723800,374.1,374.3,59044650,3150,4200,COALINDIA,27-FEB-2025
2025-02-03 14:20:22.806691,COALINDIA27FEB25F,FUTSTK,374.15,7723800,374.05,374.2,59044650,2100,1050,COALINDIA,27-FEB-2025
2025-02-03 14:20:29.083621,COALINDIA27FEB25F,FUTSTK,374.15,7723800,374.05,374.2,59044650,2100,5250,COALINDIA,27-FEB-2025
2025-02-03 14:20:35.574750,COALINDIA27FEB25F,FUTSTK,374.05,7725900,374.0,374.15,59044650,19950,2100,COALINDIA,27-FEB-2025
2025-02-03 14:20:41.868349,COALINDIA27FEB25F,FUTSTK,374.05,7725900,374.05,374.2,59044650,1050,1050,COALINDIA,27-FEB-2025
2025-02-03 14:20:48.393508,COALINDIA27FEB25F,FUTSTK,374.05,7725900,374.0,374.2,59044650,19950,3150,COALINDIA,27-FEB-2025
2025-02-03 14:20:54.714149,COALINDIA27FEB25F,FUTSTK,374.05,7725900,374.0,374.15,59044650,19950,2100,COALINDIA,27-FEB-2025
2025-02-03 14:21:01.140392,COALINDIA27FEB25F,FUTSTK,374.0,7744800,373.75,373.95,59044650,4200,3150,COALINDIA,27-FEB-2025
2025-02-03 14:21:07.633405,COALINDIA27FEB25F,FUTSTK,373.95,7745850,373.8,374.0,59044650,1050,2100,COALINDIA,27-FEB-2025
2025-02-03 14:21:13.900833,COALINDIA27FEB25F,FUTSTK,374.05,7776300,373.85,374.1,59044650,4200,2100,COALINDIA,27-FEB-2025
2025-02-03 14:21:20.299601,COALINDIA27FEB25F,FUTSTK,374.25,7785750,374.05,374.3,59044650,3150,8400,COALINDIA,27-FEB-2025
2025-02-03 14:21:26.698536,COALINDIA27FEB25F,FUTSTK,374.25,7785750,374.05,374.2,59044650,1050,3150,COALINDIA,27-FEB-2025
2025-02-03 14:21:33.048741,COALINDIA27FEB25F,FUTSTK,374.1,7795200,374.0,374.2,59044650,14700,12600,COALINDIA,27-FEB-2025
2025-02-03 14:21:39.378277,COALINDIA27FEB25F,FUTSTK,374.1,7795200,374.0,374.2,59044650,14700,14700,COALINDIA,27-FEB-2025
2025-02-03 14:21:45.857745,COALINDIA27FEB25F,FUTSTK,374.1,7799400,374.05,374.2,59044650,1050,3150,COALINDIA,27-FEB-2025
2025-02-03 14:21:52.196113,COALINDIA27FEB25F,FUTSTK,374.1,7800450,374.1,374.2,59044650,1050,3150,COALINDIA,27-FEB-2025
2025-02-03 14:21:58.550929,COALINDIA27FEB25F,FUTSTK,374.2,7804650,374.0,374.25,59044650,36750,1050,COALINDIA,27-FEB-2025
2025-02-03 14:22:05.008635,COALINDIA27FEB25F,FUTSTK,374.2,7804650,374.0,374.2,59044650,36750,9450,COALINDIA,27-FEB-2025
2025-02-03 14:22:11.375002,COALINDIA27FEB25F,FUTSTK,374.15,7805700,374.0,374.2,59044650,35700,10500,COALINDIA,27-FEB-2025
2025-02-03 14:22:17.759895,COALINDIA27FEB25F,FUTSTK,374.0,7828800,374.0,374.2,59044650,21000,4200,COALINDIA,27-FEB-2025
2025-02-03 14:22:24.147150,COALINDIA27FEB25F,FUTSTK,374.2,7833000,374.1,374.25,59044650,1050,2100,COALINDIA,27-FEB-2025
2025-02-03 14:22:30.616036,COALINDIA27FEB25F,FUTSTK,374.2,7833000,374.05,374.25,59044650,3150,1050,COALINDIA,27-FEB-2025
2025-02-03 14:22:36.947860,COALINDIA27FEB25F,FUTSTK,374.35,7837200,374.2,374.4,59042550,2100,1050,COALINDIA,27-FEB-2025
2025-02-03 14:22:43.227248,COALINDIA27FEB25F,FUTSTK,374.4,7840350,374.2,374.4,59042550,2100,3150,COALINDIA,27-FEB-2025
2025-02-03 14:22:49.805927,COALINDIA27FEB25F,FUTSTK,374.4,7840350,374.1,374.3,59042550,1050,2100,COALINDIA,27-FEB-2025
2025-02-03 14:22:56.094716,COALINDIA27FEB25F,FUTSTK,374.3,7841400,374.05,374.25,59042550,1050,8400,COALINDIA,27-FEB-2025
2025-02-03 14:23:02.603249,COALINDIA27FEB25F,FUTSTK,374.25,7842450,374.05,374.25,59042550,2100,2100,COALINDIA,27-FEB-2025
2025-02-03 14:23:08.774480,COALINDIA27FEB25F,FUTSTK,374.25,7842450,374.05,374.25,59042550,1050,9450,COALINDIA,27-FEB-2025
2025-02-03 14:23:16.094885,COALINDIA27FEB25F,FUTSTK,374.25,7842450,374.05,374.2,59042550,1050,3150,COALINDIA,27-FEB-2025
2025-02-03 14:23:22.556367,COALINDIA27FEB25F,FUTSTK,373.9,7882350,373.75,373.95,59042550,1050,9450,COALINDIA,27-FEB-2025
2025-02-03 14:23:28.811035,COALINDIA27FEB25F,FUTSTK,374.0,7882350,373.75,373.95,59042550,3150,7350,COALINDIA,27-FEB-2025
2025-02-03 14:23:35.232020,COALINDIA27FEB25F,FUTSTK,374.0,7886550,373.9,374.1,59042550,1050,7350,COALINDIA,27-FEB-2025
2025-02-03 14:23:41.622494,COALINDIA27FEB25F,FUTSTK,374.1,7887600,374.05,374.1,59042550,1050,1050,COALINDIA,27-FEB-2025
2025-02-03 14:23:48.077381,COALINDIA27FEB25F,FUTSTK,374.1,7888650,374.05,374.25,59042550,3150,1050,COALINDIA,27-FEB-2025
2025-02-03 14:23:54.622635,COALINDIA27FEB25F,FUTSTK,374.1,7888650,374.0,374.15,59042550,2100,1050,COALINDIA,27-FEB-2025
2025-02-03 14:24:00.974274,COALINDIA27FEB25F,FUTSTK,374.2,7890750,374.15,374.35,59042550,1050,1050,COALINDIA,27-FEB-2025
2025-02-03 14:24:07.622365,COALINDIA27FEB25F,FUTSTK,374.2,7891800,374.1,374.3,59042550,2100,1050,COALINDIA,27-FEB-2025
2025-02-03 14:24:13.816090,COALINDIA27FEB25F,FUTSTK,374.2,7891800,374.1,374.25,59042550,2100,1050,COALINDIA,27-FEB-2025
2025-02-03 14:24:20.182534,COALINDIA27FEB25F,FUTSTK,374.25,7892850,374.15,374.35,59042550,2100,1050,COALINDIA,27-FEB-2025
2025-02-03 14:24:26.450151,COALINDIA27FEB25F,FUTSTK,374.3,7893900,374.25,374.45,59042550,2100,7350,COALINDIA,27-FEB-2025
2025-02-03 14:24:32.828461,COALINDIA27FEB25F,FUTSTK,374.3,7893900,374.25,374.45,59042550,3150,4200,COALINDIA,27-FEB-2025
2025-02-03 14:24:39.417156,COALINDIA27FEB25F,FUTSTK,374.3,7893900,374.25,374.45,59042550,2100,4200,COALINDIA,27-FEB-2025
2025-02-03 14:24:45.929552,COALINDIA27FEB25F,FUTSTK,374.3,7893900,374.3,374.4,59042550,1050,2100,COALINDIA,27-FEB-2025
2025-02-03 14:24:52.386829,COALINDIA27FEB25F,FUTSTK,374.3,7894950,374.3,374.4,59042550,1050,3150,COALINDIA,27-FEB-2025
2025-02-03 14:24:58.940481,COALINDIA27FEB25F,FUTSTK,374.45,7899150,374.3,374.45,59042550,1050,4200,COALINDIA,27-FEB-2025
2025-02-03 14:25:05.504098,COALINDIA27FEB25F,FUTSTK,374.45,7902300,374.3,374.5,59042550,1050,8400,COALINDIA,27-FEB-2025
2025-02-03 14:25:11.916349,COALINDIA27FEB25F,FUTSTK,374.4,7910700,374.3,374.45,59042550,1050,1050,COALINDIA,27-FEB-2025
2025-02-03 14:25:18.345099,COALINDIA27FEB25F,FUTSTK,374.4,7910700,374.3,374.5,59042550,1050,2100,COALINDIA,27-FEB-2025
2025-02-03 14:25:24.951414,COALINDIA27FEB25F,FUTSTK,374.4,7910700,374.3,374.5,59042550,1050,1050,COALINDIA,27-FEB-2025
2025-02-03 14:25:31.313438,COALINDIA27FEB25F,FUTSTK,374.45,7919100,374.25,374.4,59062500,2100,1050,COALINDIA,27-FEB-2025
2025-02-03 14:25:37.786398,COALINDIA27FEB25F,FUTSTK,374.25,7920150,374.2,374.3,59062500,1050,1050,COALINDIA,27-FEB-2025
2025-02-03 14:25:44.199325,COALINDIA27FEB25F,FUTSTK,374.3,7921200,374.2,374.4,59062500,2100,1050,COALINDIA,27-FEB-2025
2025-02-03 14:25:50.602499,COALINDIA27FEB25F,FUTSTK,374.2,7922250,374.15,374.4,59062500,2100,3150,COALINDIA,27-FEB-2025
2025-02-03 14:25:57.141453,COALINDIA27FEB25F,FUTSTK,374.2,7922250,374.1,374.3,59062500,4200,2100,COALINDIA,27-FEB-2025
2025-02-03 14:26:03.584667,COALINDIA27FEB25F,FUTSTK,374.2,7924350,374.1,374.3,59062500,3150,1050,COALINDIA,27-FEB-2025
2025-02-03 14:26:10.062924,COALINDIA27FEB25F,FUTSTK,374.1,7925400,373.9,374.1,59062500,2100,2100,COALINDIA,27-FEB-2025
2025-02-03 14:26:16.906081,COALINDIA27FEB25F,FUTSTK,374.1,7926450,373.8,374.0,59062500,2100,1050,COALINDIA,27-FEB-2025
2025-02-03 14:26:23.433560,COALINDIA27FEB25F,FUTSTK,374.1,7926450,373.75,373.95,59062500,1050,7350,COALINDIA,27-FEB-2025
2025-02-03 14:26:29.827862,COALINDIA27FEB25F,FUTSTK,374.1,7926450,373.8,373.95,59062500,1050,7350,COALINDIA,27-FEB-2025
2025-02-03 14:26:36.256269,COALINDIA27FEB25F,FUTSTK,374.05,7936950,373.95,374.15,59062500,3150,1050,COALINDIA,27-FEB-2025
2025-02-03 14:26:42.600440,COALINDIA27FEB25F,FUTSTK,374.05,7936950,373.85,374.05,59062500,1050,7350,COALINDIA,27-FEB-2025
2025-02-03 14:26:49.095965,COALINDIA27FEB25F,FUTSTK,374.05,7936950,373.85,374.1,59062500,4200,8400,COALINDIA,27-FEB-2025
2025-02-03 14:26:55.484364,COALINDIA27FEB25F,FUTSTK,374.05,7936950,373.85,374.05,59062500,1050,9450,COALINDIA,27-FEB-2025
2025-02-03 14:27:02.018597,COALINDIA27FEB25F,FUTSTK,374.05,7939050,373.95,374.1,59062500,1050,2100,COALINDIA,27-FEB-2025
2025-02-03 14:27:08.348090,COALINDIA27FEB25F,FUTSTK,374.05,7939050,374.0,374.2,59062500,3150,7350,COALINDIA,27-FEB-2025
2025-02-03 14:27:14.496367,COALINDIA27FEB25F,FUTSTK,374.05,7939050,374.05,374.25,59062500,5250,2100,COALINDIA,27-FEB-2025
2025-02-03 14:27:20.878685,COALINDIA27FEB25F,FUTSTK,374.05,7941150,374.0,374.1,59062500,1050,1050,COALINDIA,27-FEB-2025
2025-02-03 14:27:27.355096,COALINDIA27FEB25F,FUTSTK,374.05,7941150,374.0,374.1,59062500,1050,1050,COALINDIA,27-FEB-2025
2025-02-03 14:27:33.744027,COALINDIA27FEB25F,FUTSTK,374.05,7941150,374.0,374.1,59062500,1050,7350,COALINDIA,27-FEB-2025
2025-02-03 14:27:40.052049,COALINDIA27FEB25F,FUTSTK,374.0,7942200,373.85,374.05,59062500,2100,6300,COALINDIA,27-FEB-2025
2025-02-03 14:27:46.586521,COALINDIA27FEB25F,FUTSTK,374.0,7942200,373.9,374.1,59062500,2100,8400,COALINDIA,27-FEB-2025
2025-02-03 14:27:52.826674,COALINDIA27FEB25F,FUTSTK,373.9,7943250,373.85,374.05,59062500,3150,1050,COALINDIA,27-FEB-2025
2025-02-03 14:27:59.385108,COALINDIA27FEB25F,FUTSTK,373.9,7943250,373.85,374.05,59062500,2100,1050,COALINDIA,27-FEB-2025
2025-02-03 14:28:05.768410,COALINDIA27FEB25F,FUTSTK,373.9,7943250,373.85,374.05,59062500,1050,9450,COALINDIA,27-FEB-2025
2025-02-03 14:28:12.081580,COALINDIA27FEB25F,FUTSTK,373.9,7943250,373.95,374.05,59062500,1050,2100,COALINDIA,27-FEB-2025
2025-02-03 14:28:18.557691,COALINDIA27FEB25F,FUTSTK,374.1,7948500,374.15,374.25,59062500,1050,2100,COALINDIA,27-FEB-2025
2025-02-03 14:28:24.881432,COALINDIA27FEB25F,FUTSTK,374.25,7950600,374.2,374.4,59062500,2100,6300,COALINDIA,27-FEB-2025
2025-02-03 14:28:31.138095,COALINDIA27FEB25F,FUTSTK,374.25,7950600,374.25,374.45,59062500,2100,7350,COALINDIA,27-FEB-2025
2025-02-03 14:28:37.500301,COALINDIA27FEB25F,FUTSTK,374.25,7950600,374.3,374.45,59062500,2100,1050,COALINDIA,27-FEB-2025
2025-02-03 14:28:44.043855,COALINDIA27FEB25F,FUTSTK,374.5,7952700,374.3,374.45,59049900,2100,1050,COALINDIA,27-FEB-2025
2025-02-03 14:28:50.675123,COALINDIA27FEB25F,FUTSTK,374.3,7953750,374.3,374.45,59049900,1050,7350,COALINDIA,27-FEB-2025
2025-02-03 14:28:57.089634,COALINDIA27FEB25F,FUTSTK,374.3,7953750,374.3,374.45,59049900,1050,8400,COALINDIA,27-FEB-2025
2025-02-03 14:29:03.503793,COALINDIA27FEB25F,FUTSTK,374.3,7953750,374.3,374.5,59049900,3150,2100,COALINDIA,27-FEB-2025
2025-02-03 14:29:10.020105,COALINDIA27FEB25F,FUTSTK,374.35,7954800,374.35,374.5,59049900,2100,1050,COALINDIA,27-FEB-2025
2025-02-03 14:29:17.315774,COALINDIA27FEB25F,FUTSTK,374.35,7954800,374.35,374.5,59049900,1050,1050,COALINDIA,27-FEB-2025
2025-02-03 14:29:23.654459,COALINDIA27FEB25F,FUTSTK,374.35,7955850,374.35,374.5,59049900,1050,1050,COALINDIA,27-FEB-2025
2025-02-03 14:29:30.029858,COALINDIA27FEB25F,FUTSTK,374.35,7960050,374.2,374.4,59049900,1050,8400,COALINDIA,27-FEB-2025
2025-02-03 14:29:36.349883,COALINDIA27FEB25F,FUTSTK,374.35,7960050,374.1,374.3,59049900,1050,7350,COALINDIA,27-FEB-2025
2025-02-03 14:29:42.849842,COALINDIA27FEB25F,FUTSTK,374.35,7960050,374.0,374.2,59049900,3150,8400,COALINDIA,27-FEB-2025
2025-02-03 14:29:49.296531,COALINDIA27FEB25F,FUTSTK,374.35,7960050,374.0,374.2,59049900,4200,6300,COALINDIA,27-FEB-2025
2025-02-03 14:29:55.825036,COALINDIA27FEB25F,FUTSTK,374.2,7961100,374.1,374.3,59049900,2100,10500,COALINDIA,27-FEB-2025
2025-02-03 14:30:02.294428,COALINDIA27FEB25F,FUTSTK,374.3,7962150,374.2,374.4,59049900,1050,7350,COALINDIA,27-FEB-2025
2025-02-03 14:30:43.356458,COALINDIA27FEB25F,FUTSTK,373.8,7966350,373.75,373.9,59049900,1050,7350,COALINDIA,27-FEB-2025
2025-02-03 14:30:51.472723,COALINDIA27FEB25F,FUTSTK,373.8,7966350,373.75,373.9,59049900,1050,7350,COALINDIA,27-FEB-2025
2025-02-03 14:30:57.680651,COALINDIA27FEB25F,FUTSTK,373.8,7968450,373.8,374.0,59049900,3150,2100,COALINDIA,27-FEB-2025
2025-02-03 14:31:04.042521,COALINDIA27FEB25F,FUTSTK,373.8,7968450,373.75,373.9,59049900,1050,1050,COALINDIA,27-FEB-2025
2025-02-03 14:31:10.729649,COALINDIA27FEB25F,FUTSTK,373.8,7968450,373.75,373.95,59049900,2100,9450,COALINDIA,27-FEB-2025
2025-02-03 14:31:17.062359,COALINDIA27FEB25F,FUTSTK,373.8,7968450,373.75,373.95,59049900,1050,8400,COALINDIA,27-FEB-2025
2025-02-03 14:31:24.194290,COALINDIA27FEB25F,FUTSTK,373.8,7968450,373.75,373.85,59049900,1050,2100,COALINDIA,27-FEB-2025
2025-02-03 14:31:32.517022,COALINDIA27FEB25F,FUTSTK,373.8,7968450,373.75,373.8,59049900,1050,1050,COALINDIA,27-FEB-2025
2025-02-03 14:31:39.856788,COALINDIA27FEB25F,FUTSTK,373.8,7970550,373.75,373.85,59043600,1050,1050,COALINDIA,27-FEB-2025
2025-02-03 14:31:46.142360,COALINDIA27FEB25F,FUTSTK,373.8,7970550,373.75,373.85,59043600,1050,1050,COALINDIA,27-FEB-2025
2025-02-03 14:31:52.500672,COALINDIA27FEB25F,FUTSTK,373.7,7976850,373.6,373.75,59043600,1050,1050,COALINDIA,27-FEB-2025
2025-02-03 14:31:58.981509,COALINDIA27FEB25F,FUTSTK,373.7,7976850,373.45,373.6,59043600,2100,1050,COALINDIA,27-FEB-2025
2025-02-03 14:32:05.496655,COALINDIA27FEB25F,FUTSTK,373.7,7976850,373.45,373.65,59043600,2100,2100,COALINDIA,27-FEB-2025
2025-02-03 14:32:12.111592,COALINDIA27FEB25F,FUTSTK,373.7,7976850,373.45,373.6,59043600,1050,1050,COALINDIA,27-FEB-2025
2025-02-03 14:32:18.524116,COALINDIA27FEB25F,FUTSTK,373.7,7976850,373.45,373.6,59043600,1050,1050,COALINDIA,27-FEB-2025
2025-02-03 14:32:24.670198,COALINDIA27FEB25F,FUTSTK,373.45,7977900,373.25,373.45,59043600,3150,1050,COALINDIA,27-FEB-2025
2025-02-03 14:32:30.936089,COALINDIA27FEB25F,FUTSTK,373.45,7977900,373.35,373.5,59043600,2100,1050,COALINDIA,27-FEB-2025
2025-02-03 14:32:37.285313,COALINDIA27FEB25F,FUTSTK,373.45,7977900,373.35,373.5,59043600,2100,1050,COALINDIA,27-FEB-2025
2025-02-03 14:32:45.733894,COALINDIA27FEB25F,FUTSTK,373.45,7977900,373.4,373.5,59043600,2100,1050,COALINDIA,27-FEB-2025
2025-02-03 14:32:53.251613,COALINDIA27FEB25F,FUTSTK,373.5,7981050,373.5,373.55,59043600,1050,1050,COALINDIA,27-FEB-2025
2025-02-03 14:33:00.105556,COALINDIA27FEB25F,FUTSTK,373.5,7981050,373.5,373.55,59043600,1050,1050,COALINDIA,27-FEB-2025
2025-02-03 14:33:06.589139,COALINDIA27FEB25F,FUTSTK,373.65,7984200,373.55,373.65,59043600,1050,6300,COALINDIA,27-FEB-2025
2025-02-03 14:33:12.868657,COALINDIA27FEB25F,FUTSTK,373.65,7984200,373.55,373.65,59043600,1050,1050,COALINDIA,27-FEB-2025
2025-02-03 14:33:19.183295,COALINDIA27FEB25F,FUTSTK,373.7,7986300,373.75,373.9,59043600,1050,1050,COALINDIA,27-FEB-2025
2025-02-03 14:33:25.400251,COALINDIA27FEB25F,FUTSTK,373.7,7986300,373.8,374.0,59043600,2100,6300,COALINDIA,27-FEB-2025
2025-02-03 14:33:31.572594,COALINDIA27FEB25F,FUTSTK,373.7,7986300,373.8,374.0,59043600,2100,8400,COALINDIA,27-FEB-2025
2025-02-03 14:33:37.858926,COALINDIA27FEB25F,FUTSTK,373.7,7986300,373.85,374.0,59043600,2100,7350,COALINDIA,27-FEB-2025
2025-02-03 14:33:44.355900,COALINDIA27FEB25F,FUTSTK,374.0,7988400,373.95,374.15,59043600,2100,7350,COALINDIA,27-FEB-2025
2025-02-03 14:33:50.615599,COALINDIA27FEB25F,FUTSTK,374.0,7988400,373.95,374.15,59043600,3150,8400,COALINDIA,27-FEB-2025
2025-02-03 14:35:44.950271,COALINDIA27FEB25F,FUTSTK,373.9,7994700,373.75,374.0,59044650,5250,9450,COALINDIA,27-FEB-2025
2025-02-03 14:35:51.344482,COALINDIA27FEB25F,FUTSTK,373.9,7994700,373.8,373.95,59044650,1050,1050,COALINDIA,27-FEB-2025
2025-02-03 14:35:57.486583,COALINDIA27FEB25F,FUTSTK,373.9,7994700,373.8,373.95,59044650,1050,8400,COALINDIA,27-FEB-2025
2025-02-03 14:36:03.689463,COALINDIA27FEB25F,FUTSTK,373.9,7994700,373.8,373.9,59044650,1050,2100,COALINDIA,27-FEB-2025
2025-02-03 14:36:09.913375,COALINDIA27FEB25F,FUTSTK,373.9,7994700,373.8,373.9,59044650,1050,2100,COALINDIA,27-FEB-2025
2025-02-03 14:36:16.317857,COALINDIA27FEB25F,FUTSTK,373.9,7994700,373.8,373.85,59044650,1050,2100,COALINDIA,27-FEB-2025
2025-02-03 14:36:22.586297,COALINDIA27FEB25F,FUTSTK,373.85,7996800,373.8,373.95,59044650,1050,7350,COALINDIA,27-FEB-2025
2025-02-03 14:36:30.031925,COALINDIA27FEB25F,FUTSTK,373.85,7996800,373.8,373.9,59044650,1050,7350,COALINDIA,27-FEB-2025
2025-02-03 14:36:38.344827,COALINDIA27FEB25F,FUTSTK,373.85,7996800,373.8,373.9,59044650,1050,3150,COALINDIA,27-FEB-2025
2025-02-03 14:36:45.591613,COALINDIA27FEB25F,FUTSTK,373.9,7997850,373.8,373.95,59044650,2100,2100,COALINDIA,27-FEB-2025
2025-02-03 14:36:51.956318,COALINDIA27FEB25F,FUTSTK,373.75,8012550,373.75,373.95,59044650,4200,8400,COALINDIA,27-FEB-2025
2025-02-03 14:36:58.458265,COALINDIA27FEB25F,FUTSTK,373.65,8017800,373.65,373.8,59044650,1050,2100,COALINDIA,27-FEB-2025
2025-02-03 14:37:04.728030,COALINDIA27FEB25F,FUTSTK,373.6,8018850,373.65,373.8,59044650,1050,1050,COALINDIA,27-FEB-2025
2025-02-03 14:37:11.300510,COALINDIA27FEB25F,FUTSTK,373.6,8018850,373.65,373.8,59044650,1050,1050,COALINDIA,27-FEB-2025
2025-02-03 14:37:17.809266,COALINDIA27FEB25F,FUTSTK,373.85,8023050,373.8,374.05,59044650,5250,1050,COALINDIA,27-FEB-2025
2025-02-03 14:37:24.099264,COALINDIA27FEB25F,FUTSTK,374.0,8024100,373.8,374.0,59044650,3150,1050,COALINDIA,27-FEB-2025
2025-02-03 14:37:30.659246,COALINDIA27FEB25F,FUTSTK,374.0,8024100,373.7,373.95,59044650,4200,8400,COALINDIA,27-FEB-2025
2025-02-03 14:37:36.914695,COALINDIA27FEB25F,FUTSTK,373.7,8025150,373.8,374.05,59036250,3150,8400,COALINDIA,27-FEB-2025
2025-02-03 14:37:42.999197,COALINDIA27FEB25F,FUTSTK,373.7,8025150,373.6,373.8,59036250,4200,3150,COALINDIA,27-FEB-2025
2025-02-03 14:37:52.064526,COALINDIA27FEB25F,FUTSTK,373.8,8027250,373.7,373.8,59036250,1050,8400,COALINDIA,27-FEB-2025
2025-02-03 14:37:59.585656,COALINDIA27FEB25F,FUTSTK,373.7,8028300,373.6,373.7,59036250,1050,1050,COALINDIA,27-FEB-2025
2025-02-03 14:38:06.071169,COALINDIA27FEB25F,FUTSTK,373.6,8030400,373.7,373.8,59036250,1050,1050,COALINDIA,27-FEB-2025
2025-02-03 14:38:12.576216,COALINDIA27FEB25F,FUTSTK,373.6,8030400,373.7,373.85,59036250,1050,6300,COALINDIA,27-FEB-2025
2025-02-03 14:38:18.960566,COALINDIA27FEB25F,FUTSTK,373.6,8030400,373.8,373.95,59036250,1050,7350,COALINDIA,27-FEB-2025
2025-02-03 14:38:25.683895,COALINDIA27FEB25F,FUTSTK,373.9,8031450,373.7,373.95,59036250,3150,8400,COALINDIA,27-FEB-2025
2025-02-03 14:38:32.013801,COALINDIA27FEB25F,FUTSTK,373.9,8031450,373.75,374.0,59036250,4200,8400,COALINDIA,27-FEB-2025
2025-02-03 14:38:38.344636,COALINDIA27FEB25F,FUTSTK,373.9,8031450,373.75,373.95,59036250,3150,1050,COALINDIA,27-FEB-2025
2025-02-03 14:38:44.564038,COALINDIA27FEB25F,FUTSTK,373.9,8031450,373.75,373.95,59036250,4200,2100,COALINDIA,27-FEB-2025
2025-02-03 14:38:51.358824,COALINDIA27FEB25F,FUTSTK,374.05,8031450,373.75,373.95,59036250,4200,2100,COALINDIA,27-FEB-2025
2025-02-03 14:38:57.774138,COALINDIA27FEB25F,FUTSTK,374.15,8031450,373.75,373.95,59036250,4200,2100,COALINDIA,27-FEB-2025
2025-02-03 14:39:06.403608,COALINDIA27FEB25F,FUTSTK,374.2,8040900,374.0,374.2,59036250,1050,5250,COALINDIA,27-FEB-2025
2025-02-03 14:39:14.195858,COALINDIA27FEB25F,FUTSTK,374.2,8040900,374.0,374.2,59036250,1050,5250,COALINDIA,27-FEB-2025
2025-02-03 14:39:20.934328,COALINDIA27FEB25F,FUTSTK,374.2,8040900,374.0,374.2,59036250,1050,5250,COALINDIA,27-FEB-2025
2025-02-03 14:39:27.762571,COALINDIA27FEB25F,FUTSTK,374.0,8040900,374.0,374.2,59036250,1050,5250,COALINDIA,27-FEB-2025
2025-02-03 14:39:33.992854,COALINDIA27FEB25F,FUTSTK,374.05,8040900,374.0,374.2,59036250,1050,5250,COALINDIA,27-FEB-2025
2025-02-03 14:39:40.309778,COALINDIA27FEB25F,FUTSTK,374.05,8043000,373.8,374.05,59036250,2100,4200,COALINDIA,27-FEB-2025
2025-02-03 14:39:46.918502,COALINDIA27FEB25F,FUTSTK,373.9,8044050,373.8,374.0,59036250,1050,2100,COALINDIA,27-FEB-2025
2025-02-03 14:39:53.503095,COALINDIA27FEB25F,FUTSTK,373.9,8044050,373.85,374.05,59036250,3150,8400,COALINDIA,27-FEB-2025
2025-02-03 14:40:00.088547,COALINDIA27FEB25F,FUTSTK,373.9,8044050,373.85,374.05,59036250,2100,7350,COALINDIA,27-FEB-2025
2025-02-03 14:40:06.603530,COALINDIA27FEB25F,FUTSTK,373.9,8045100,373.85,374.0,59036250,1050,1050,COALINDIA,27-FEB-2025
2025-02-03 14:40:13.048124,COALINDIA27FEB25F,FUTSTK,373.85,8046150,373.85,373.95,59036250,2100,2100,COALINDIA,27-FEB-2025
2025-02-03 14:40:21.578147,COALINDIA27FEB25F,FUTSTK,373.95,8046150,373.9,373.95,59036250,2100,3150,COALINDIA,27-FEB-2025
2025-02-03 14:40:29.990044,COALINDIA27FEB25F,FUTSTK,373.95,8052450,373.85,374.05,59049900,1050,10500,COALINDIA,27-FEB-2025
2025-02-03 14:40:37.349855,COALINDIA27FEB25F,FUTSTK,373.95,8052450,373.8,374.0,59049900,2100,7350,COALINDIA,27-FEB-2025
2025-02-03 14:40:43.528012,COALINDIA27FEB25F,FUTSTK,373.95,8052450,373.8,374.0,59049900,1050,8400,COALINDIA,27-FEB-2025
2025-02-03 14:40:50.011492,COALINDIA27FEB25F,FUTSTK,373.95,8052450,373.8,374.0,59049900,1050,8400,COALINDIA,27-FEB-2025
2025-02-03 14:40:56.240907,COALINDIA27FEB25F,FUTSTK,373.85,8052450,373.8,374.0,59049900,1050,8400,COALINDIA,27-FEB-2025
2025-02-03 14:41:02.633069,COALINDIA27FEB25F,FUTSTK,373.85,8053500,373.7,373.8,59049900,1050,7350,COALINDIA,27-FEB-2025
2025-02-03 14:41:09.064053,COALINDIA27FEB25F,FUTSTK,373.6,8053500,373.7,373.8,59049900,1050,7350,COALINDIA,27-FEB-2025
2025-02-03 14:41:15.261637,COALINDIA27FEB25F,FUTSTK,373.6,8053500,373.7,373.8,59049900,1050,7350,COALINDIA,27-FEB-2025
2025-02-03 14:41:21.599837,COALINDIA27FEB25F,FUTSTK,373.4,8053500,373.7,373.8,59049900,1050,7350,COALINDIA,27-FEB-2025
2025-02-03 14:41:27.926808,COALINDIA27FEB25F,FUTSTK,373.4,8053500,373.7,373.8,59049900,1050,7350,COALINDIA,27-FEB-2025
2025-02-03 14:41:34.943655,COALINDIA27FEB25F,FUTSTK,373.35,8066100,373.35,373.5,59049900,4200,1050,COALINDIA,27-FEB-2025
2025-02-03 14:41:43.426665,COALINDIA27FEB25F,FUTSTK,373.45,8066100,373.35,373.5,59049900,4200,1050,COALINDIA,27-FEB-2025
2025-02-03 14:41:51.194085,COALINDIA27FEB25F,FUTSTK,373.45,8066100,373.35,373.5,59049900,4200,1050,COALINDIA,27-FEB-2025
2025-02-03 14:41:57.474344,COALINDIA27FEB25F,FUTSTK,373.45,8066100,373.35,373.5,59049900,4200,1050,COALINDIA,27-FEB-2025
2025-02-03 14:42:03.826622,COALINDIA27FEB25F,FUTSTK,373.45,8070300,373.25,373.5,59049900,1050,10500,COALINDIA,27-FEB-2025
2025-02-03 14:42:10.270653,COALINDIA27FEB25F,FUTSTK,373.5,8070300,373.25,373.5,59049900,1050,10500,COALINDIA,27-FEB-2025
2025-02-03 14:42:16.495354,COALINDIA27FEB25F,FUTSTK,373.5,8070300,373.25,373.5,59049900,1050,10500,COALINDIA,27-FEB-2025
2025-02-03 14:42:22.931241,COALINDIA27FEB25F,FUTSTK,373.5,8070300,373.25,373.5,59049900,1050,10500,COALINDIA,27-FEB-2025
2025-02-03 14:42:29.554002,COALINDIA27FEB25F,FUTSTK,373.5,8070300,373.25,373.5,59049900,1050,10500,COALINDIA,27-FEB-2025
2025-02-03 14:42:35.710849,COALINDIA27FEB25F,FUTSTK,373.3,8074500,373.3,373.55,59049900,5250,9450,COALINDIA,27-FEB-2025
2025-02-03 14:42:41.915742,COALINDIA27FEB25F,FUTSTK,373.3,8076600,373.4,373.55,59049900,1050,8400,COALINDIA,27-FEB-2025
2025-02-03 14:42:48.294588,COALINDIA27FEB25F,FUTSTK,373.55,8077650,373.4,373.55,59049900,3150,6300,COALINDIA,27-FEB-2025
2025-02-03 14:42:57.035959,COALINDIA27FEB25F,FUTSTK,373.55,8077650,373.4,373.55,59049900,2100,3150,COALINDIA,27-FEB-2025
2025-02-03 14:43:05.608867,COALINDIA27FEB25F,FUTSTK,373.55,8077650,373.4,373.55,59049900,1050,8400,COALINDIA,27-FEB-2025
2025-02-03 14:43:12.647252,COALINDIA27FEB25F,FUTSTK,373.5,8079750,373.4,373.55,59049900,3150,4200,COALINDIA,27-FEB-2025
2025-02-03 14:43:18.940664,COALINDIA27FEB25F,FUTSTK,373.5,8079750,373.45,373.55,59049900,2100,3150,COALINDIA,27-FEB-2025
2025-02-03 14:43:25.311483,COALINDIA27FEB25F,FUTSTK,373.45,8080800,373.2,373.4,59049900,3150,8400,COALINDIA,27-FEB-2025
2025-02-03 14:43:31.585523,COALINDIA27FEB25F,FUTSTK,373.45,8082900,373.35,373.5,59049900,1050,1050,COALINDIA,27-FEB-2025
2025-02-03 14:43:37.977546,COALINDIA27FEB25F,FUTSTK,373.45,8082900,373.3,373.5,59049900,1050,9450,COALINDIA,27-FEB-2025
2025-02-03 14:43:44.222541,COALINDIA27FEB25F,FUTSTK,373.45,8082900,373.3,373.5,59049900,4200,8400,COALINDIA,27-FEB-2025
2025-02-03 14:43:50.470534,COALINDIA27FEB25F,FUTSTK,373.45,8082900,373.35,373.5,59049900,1050,7350,COALINDIA,27-FEB-2025
2025-02-03 14:43:57.053217,COALINDIA27FEB25F,FUTSTK,373.5,8083950,373.3,373.5,59049900,4200,7350,COALINDIA,27-FEB-2025
2025-02-03 14:44:03.393319,COALINDIA27FEB25F,FUTSTK,373.5,8083950,373.25,373.45,59049900,1050,8400,COALINDIA,27-FEB-2025
2025-02-03 14:44:11.365658,COALINDIA27FEB25F,FUTSTK,373.45,8085000,373.35,373.5,59049900,2100,1050,COALINDIA,27-FEB-2025
2025-02-03 14:44:19.394425,COALINDIA27FEB25F,FUTSTK,373.45,8085000,373.35,373.5,59049900,2100,2100,COALINDIA,27-FEB-2025
2025-02-03 14:44:26.397670,COALINDIA27FEB25F,FUTSTK,373.45,8085000,373.35,373.45,59049900,1050,3150,COALINDIA,27-FEB-2025
2025-02-03 14:44:33.010164,COALINDIA27FEB25F,FUTSTK,373.45,8085000,373.35,373.45,59049900,1050,3150,COALINDIA,27-FEB-2025
2025-02-03 14:44:39.260957,COALINDIA27FEB25F,FUTSTK,373.5,8091300,373.45,373.65,59049900,3150,1050,COALINDIA,27-FEB-2025
2025-02-03 14:44:45.818625,COALINDIA27FEB25F,FUTSTK,373.5,8091300,373.5,373.7,59049900,3150,7350,COALINDIA,27-FEB-2025
2025-02-03 14:44:52.617484,COALINDIA27FEB25F,FUTSTK,373.5,8092350,373.5,373.6,59049900,1050,7350,COALINDIA,27-FEB-2025
2025-02-03 14:44:58.864660,COALINDIA27FEB25F,FUTSTK,373.5,8092350,373.55,373.7,59049900,2100,7350,COALINDIA,27-FEB-2025
2025-02-03 14:45:05.214754,COALINDIA27FEB25F,FUTSTK,373.7,8093400,373.6,373.7,59049900,1050,5250,COALINDIA,27-FEB-2025
2025-02-03 14:45:11.626391,COALINDIA27FEB25F,FUTSTK,373.65,8093400,373.6,373.7,59049900,1050,5250,COALINDIA,27-FEB-2025
2025-02-03 14:45:17.818790,COALINDIA27FEB25F,FUTSTK,373.65,8094450,373.6,373.7,59049900,1050,6300,COALINDIA,27-FEB-2025
2025-02-03 14:45:24.537700,COALINDIA27FEB25F,FUTSTK,373.6,8098650,373.45,373.65,59049900,1050,9450,COALINDIA,27-FEB-2025
2025-02-03 14:45:33.037186,COALINDIA27FEB25F,FUTSTK,373.6,8099700,373.5,373.65,59049900,2100,1050,COALINDIA,27-FEB-2025
2025-02-03 14:45:40.546649,COALINDIA27FEB25F,FUTSTK,373.6,8099700,373.45,373.65,59049900,2100,5250,COALINDIA,27-FEB-2025
2025-02-03 14:45:48.523788,COALINDIA27FEB25F,FUTSTK,373.5,8100750,373.5,373.6,59049900,1050,6300,COALINDIA,27-FEB-2025
2025-02-03 14:45:57.292330,COALINDIA27FEB25F,FUTSTK,373.5,8100750,373.5,373.55,59049900,2100,1050,COALINDIA,27-FEB-2025
2025-02-03 14:46:04.862977,COALINDIA27FEB25F,FUTSTK,373.55,8104950,373.3,373.55,59049900,4200,8400,COALINDIA,27-FEB-2025
2025-02-03 14:46:11.119662,COALINDIA27FEB25F,FUTSTK,373.55,8104950,373.35,373.55,59049900,3150,1050,COALINDIA,27-FEB-2025
2025-02-03 14:46:17.262589,COALINDIA27FEB25F,FUTSTK,373.35,8108100,373.25,373.5,59049900,3150,6300,COALINDIA,27-FEB-2025
2025-02-03 14:46:23.451248,COALINDIA27FEB25F,FUTSTK,373.35,8108100,373.3,373.45,59049900,1050,1050,COALINDIA,27-FEB-2025
2025-02-03 14:46:29.846875,COALINDIA27FEB25F,FUTSTK,373.25,8109150,373.2,373.45,59063550,2100,7350,COALINDIA,27-FEB-2025
2025-02-03 14:46:36.520288,COALINDIA27FEB25F,FUTSTK,373.45,8110200,373.25,373.45,59063550,3150,6300,COALINDIA,27-FEB-2025
2025-02-03 14:46:44.337293,COALINDIA27FEB25F,FUTSTK,373.25,8112300,373.15,373.35,59063550,3150,6300,COALINDIA,27-FEB-2025
2025-02-03 14:46:52.496312,COALINDIA27FEB25F,FUTSTK,373.25,8112300,373.15,373.3,59063550,1050,5250,COALINDIA,27-FEB-2025
2025-02-03 14:46:59.551367,COALINDIA27FEB25F,FUTSTK,373.3,8112300,373.15,373.3,59063550,1050,5250,COALINDIA,27-FEB-2025
2025-02-03 14:47:06.046836,COALINDIA27FEB25F,FUTSTK,373.25,8116500,373.15,373.35,59063550,5250,1050,COALINDIA,27-FEB-2025
2025-02-03 14:47:13.146971,COALINDIA27FEB25F,FUTSTK,373.25,8116500,373.25,373.45,59063550,4200,1050,COALINDIA,27-FEB-2025
2025-02-03 14:47:19.663022,COALINDIA27FEB25F,FUTSTK,373.25,8116500,373.25,373.4,59063550,1050,1050,COALINDIA,27-FEB-2025
2025-02-03 14:47:25.964992,COALINDIA27FEB25F,FUTSTK,373.4,8118600,373.4,373.55,59063550,1050,7350,COALINDIA,27-FEB-2025
2025-02-03 14:47:32.436638,COALINDIA27FEB25F,FUTSTK,373.4,8118600,373.4,373.55,59063550,1050,6300,COALINDIA,27-FEB-2025
2025-02-03 14:47:38.735917,COALINDIA27FEB25F,FUTSTK,373.35,8121750,373.15,373.35,59063550,4200,1050,COALINDIA,27-FEB-2025
2025-02-03 14:47:45.269326,COALINDIA27FEB25F,FUTSTK,373.35,8121750,373.15,373.35,59063550,3150,5250,COALINDIA,27-FEB-2025
2025-02-03 14:47:51.976828,COALINDIA27FEB25F,FUTSTK,373.35,8121750,373.1,373.25,59063550,1050,1050,COALINDIA,27-FEB-2025
2025-02-03 14:47:59.651841,COALINDIA27FEB25F,FUTSTK,373.25,8121750,373.1,373.25,59063550,1050,1050,COALINDIA,27-FEB-2025
2025-02-03 14:48:08.050000,COALINDIA27FEB25F,FUTSTK,372.9,8121750,373.1,373.25,59063550,1050,1050,COALINDIA,27-FEB-2025
2025-02-03 14:48:15.676863,COALINDIA27FEB25F,FUTSTK,373.05,8121750,373.1,373.25,59063550,1050,1050,COALINDIA,27-FEB-2025
2025-02-03 14:48:22.069486,COALINDIA27FEB25F,FUTSTK,373.05,8130150,372.9,373.0,59063550,1050,1050,COALINDIA,27-FEB-2025
2025-02-03 14:48:28.571181,COALINDIA27FEB25F,FUTSTK,373.05,8130150,372.9,373.0,59063550,1050,1050,COALINDIA,27-FEB-2025
2025-02-03 14:48:34.912440,COALINDIA27FEB25F,FUTSTK,373.05,8130150,372.9,373.0,59063550,1050,1050,COALINDIA,27-FEB-2025
2025-02-03 14:48:41.407054,COALINDIA27FEB25F,FUTSTK,372.95,8130150,372.9,373.0,59063550,1050,1050,COALINDIA,27-FEB-2025
2025-02-03 14:48:48.035570,COALINDIA27FEB25F,FUTSTK,372.95,8130150,372.9,373.0,59063550,1050,1050,COALINDIA,27-FEB-2025
2025-02-03 14:48:54.584398,COALINDIA27FEB25F,FUTSTK,373.0,8131200,372.9,373.0,59063550,2100,2100,COALINDIA,27-FEB-2025
2025-02-03 14:49:00.976977,COALINDIA27FEB25F,FUTSTK,373.05,8131200,372.9,373.0,59063550,2100,2100,COALINDIA,27-FEB-2025
2025-02-03 14:49:07.603887,COALINDIA27FEB25F,FUTSTK,373.15,8131200,372.9,373.0,59063550,2100,2100,COALINDIA,27-FEB-2025
2025-02-03 14:49:14.718555,COALINDIA27FEB25F,FUTSTK,373.15,8131200,372.9,373.0,59063550,2100,2100,COALINDIA,27-FEB-2025
2025-02-03 14:49:23.395901,COALINDIA27FEB25F,FUTSTK,372.95,8135400,372.95,373.1,59063550,1050,2100,COALINDIA,27-FEB-2025
2025-02-03 14:49:30.910560,COALINDIA27FEB25F,FUTSTK,372.9,8135400,372.95,373.1,59060400,1050,2100,COALINDIA,27-FEB-2025
2025-02-03 14:49:37.990478,COALINDIA27FEB25F,FUTSTK,372.9,8135400,372.95,373.1,59060400,1050,2100,COALINDIA,27-FEB-2025
2025-02-03 14:49:44.471469,COALINDIA27FEB25F,FUTSTK,372.75,8141700,372.65,372.9,59060400,2100,5250,COALINDIA,27-FEB-2025
2025-02-03 14:49:50.915892,COALINDIA27FEB25F,FUTSTK,372.75,8141700,372.65,372.9,59060400,2100,5250,COALINDIA,27-FEB-2025
2025-02-03 14:49:57.360180,COALINDIA27FEB25F,FUTSTK,372.75,8141700,372.7,372.9,59060400,2100,6300,COALINDIA,27-FEB-2025
2025-02-03 14:50:04.819787,COALINDIA27FEB25F,FUTSTK,372.75,8141700,372.75,372.9,59060400,1050,2100,COALINDIA,27-FEB-2025
2025-02-03 14:50:11.707648,COALINDIA27FEB25F,FUTSTK,372.75,8141700,372.75,372.9,59060400,2100,2100,COALINDIA,27-FEB-2025
2025-02-03 14:50:18.440010,COALINDIA27FEB25F,FUTSTK,372.8,8142750,372.8,372.9,59060400,1050,2100,COALINDIA,27-FEB-2025
2025-02-03 14:50:25.548329,COALINDIA27FEB25F,FUTSTK,372.85,8145900,372.8,372.9,59060400,2100,1050,COALINDIA,27-FEB-2025
2025-02-03 14:50:33.180960,COALINDIA27FEB25F,FUTSTK,372.9,8146950,372.8,372.95,59060400,1050,1050,COALINDIA,27-FEB-2025
2025-02-03 14:50:41.625599,COALINDIA27FEB25F,FUTSTK,372.8,8146950,372.8,372.9,59060400,2100,5250,COALINDIA,27-FEB-2025
2025-02-03 14:50:48.688659,COALINDIA27FEB25F,FUTSTK,372.8,8150100,372.75,372.9,59060400,1050,4200,COALINDIA,27-FEB-2025
2025-02-03 14:50:55.820206,COALINDIA27FEB25F,FUTSTK,372.8,8150100,372.75,372.9,59060400,1050,4200,COALINDIA,27-FEB-2025
2025-02-03 14:51:03.200568,COALINDIA27FEB25F,FUTSTK,372.95,8150100,372.75,372.9,59060400,1050,4200,COALINDIA,27-FEB-2025
2025-02-03 14:51:09.585461,COALINDIA27FEB25F,FUTSTK,372.9,8150100,372.75,372.9,59060400,1050,4200,COALINDIA,27-FEB-2025
2025-02-03 14:51:16.073234,COALINDIA27FEB25F,FUTSTK,372.9,8153250,372.8,373.0,59060400,2100,4200,COALINDIA,27-FEB-2025
2025-02-03 14:51:22.421045,COALINDIA27FEB25F,FUTSTK,372.9,8153250,372.8,373.0,59060400,2100,4200,COALINDIA,27-FEB-2025
2025-02-03 14:51:28.868115,COALINDIA27FEB25F,FUTSTK,372.9,8153250,372.8,373.0,59060400,2100,4200,COALINDIA,27-FEB-2025
2025-02-03 14:51:35.529246,COALINDIA27FEB25F,FUTSTK,372.9,8153250,372.8,373.0,59060400,2100,4200,COALINDIA,27-FEB-2025
2025-02-03 14:51:41.983002,COALINDIA27FEB25F,FUTSTK,372.9,8153250,372.8,373.0,59060400,2100,4200,COALINDIA,27-FEB-2025
2025-02-03 14:51:49.968915,COALINDIA27FEB25F,FUTSTK,373.0,8153250,372.95,373.0,59060400,1050,4200,COALINDIA,27-FEB-2025
2025-02-03 14:51:58.585139,COALINDIA27FEB25F,FUTSTK,373.0,8153250,372.95,373.0,59060400,1050,4200,COALINDIA,27-FEB-2025
2025-02-03 14:52:05.806420,COALINDIA27FEB25F,FUTSTK,372.8,8153250,372.95,373.0,59060400,1050,4200,COALINDIA,27-FEB-2025
2025-02-03 14:52:12.216894,COALINDIA27FEB25F,FUTSTK,372.8,8153250,372.95,373.0,59060400,1050,4200,COALINDIA,27-FEB-2025
2025-02-03 14:52:18.676443,COALINDIA27FEB25F,FUTSTK,372.95,8160600,372.85,372.95,59060400,2100,1050,COALINDIA,27-FEB-2025
2025-02-03 14:52:25.278041,COALINDIA27FEB25F,FUTSTK,372.95,8160600,372.85,372.95,59060400,2100,1050,COALINDIA,27-FEB-2025
2025-02-03 14:52:31.669170,COALINDIA27FEB25F,FUTSTK,372.95,8160600,372.85,372.95,59055150,2100,1050,COALINDIA,27-FEB-2025
2025-02-03 14:52:38.262941,COALINDIA27FEB25F,FUTSTK,372.95,8160600,372.85,372.95,59055150,2100,1050,COALINDIA,27-FEB-2025
2025-02-03 14:52:44.613069,COALINDIA27FEB25F,FUTSTK,372.95,8165850,372.95,373.0,59055150,1050,4200,COALINDIA,27-FEB-2025
2025-02-03 14:52:51.357191,COALINDIA27FEB25F,FUTSTK,372.95,8171100,373.0,373.15,59055150,1050,3150,COALINDIA,27-FEB-2025
2025-02-03 14:52:57.696601,COALINDIA27FEB25F,FUTSTK,372.95,8171100,373.0,373.2,59055150,3150,9450,COALINDIA,27-FEB-2025
2025-02-03 14:53:04.807335,COALINDIA27FEB25F,FUTSTK,372.95,8171100,373.0,373.2,59055150,2100,8400,COALINDIA,27-FEB-2025
2025-02-03 14:53:13.136201,COALINDIA27FEB25F,FUTSTK,372.95,8171100,373.05,373.1,59055150,1050,1050,COALINDIA,27-FEB-2025
2025-02-03 14:53:20.490542,COALINDIA27FEB25F,FUTSTK,373.15,8173200,373.1,373.2,59055150,3150,3150,COALINDIA,27-FEB-2025
2025-02-03 14:53:26.748445,COALINDIA27FEB25F,FUTSTK,373.0,8179500,373.0,373.15,59055150,2100,4200,COALINDIA,27-FEB-2025
2025-02-03 14:53:33.175633,COALINDIA27FEB25F,FUTSTK,373.0,8179500,373.0,373.15,59055150,3150,3150,COALINDIA,27-FEB-2025
2025-02-03 14:53:39.360189,COALINDIA27FEB25F,FUTSTK,373.0,8179500,373.0,373.15,59055150,2100,2100,COALINDIA,27-FEB-2025
2025-02-03 14:53:45.624156,COALINDIA27FEB25F,FUTSTK,373.0,8179500,373.05,373.15,59055150,1050,2100,COALINDIA,27-FEB-2025
2025-02-03 14:53:51.901259,COALINDIA27FEB25F,FUTSTK,373.0,8179500,373.05,373.15,59055150,2100,2100,COALINDIA,27-FEB-2025
2025-02-03 14:53:58.349190,COALINDIA27FEB25F,FUTSTK,373.0,8179500,373.05,373.15,59055150,2100,2100,COALINDIA,27-FEB-2025
2025-02-03 14:54:04.560218,COALINDIA27FEB25F,FUTSTK,373.0,8179500,373.05,373.15,59055150,1050,2100,COALINDIA,27-FEB-2025
2025-02-03 14:54:10.769230,COALINDIA27FEB25F,FUTSTK,373.2,8183700,373.2,373.3,59055150,1050,1050,COALINDIA,27-FEB-2025
2025-02-03 14:54:17.128904,COALINDIA27FEB25F,FUTSTK,373.2,8184750,373.1,373.25,59055150,2100,6300,COALINDIA,27-FEB-2025
2025-02-03 14:54:25.605203,COALINDIA27FEB25F,FUTSTK,373.25,8184750,373.1,373.25,59055150,1050,6300,COALINDIA,27-FEB-2025
2025-02-03 14:54:33.163309,COALINDIA27FEB25F,FUTSTK,373.25,8187900,373.1,373.25,59055150,1050,5250,COALINDIA,27-FEB-2025
2025-02-03 14:54:40.060149,COALINDIA27FEB25F,FUTSTK,373.25,8187900,373.1,373.2,59055150,1050,2100,COALINDIA,27-FEB-2025
2025-02-03 14:54:46.332435,COALINDIA27FEB25F,FUTSTK,373.2,8188950,373.1,373.2,59055150,3150,1050,COALINDIA,27-FEB-2025
2025-02-03 14:54:53.165793,COALINDIA27FEB25F,FUTSTK,373.15,8192100,373.2,373.4,59055150,1050,9450,COALINDIA,27-FEB-2025
2025-02-03 14:54:59.377353,COALINDIA27FEB25F,FUTSTK,373.25,8193150,373.25,373.4,59055150,2100,5250,COALINDIA,27-FEB-2025
2025-02-03 14:55:05.731568,COALINDIA27FEB25F,FUTSTK,373.65,8203650,373.4,373.6,59055150,2100,6300,COALINDIA,27-FEB-2025
2025-02-03 14:55:12.063188,COALINDIA27FEB25F,FUTSTK,373.55,8204700,373.4,373.6,59055150,3150,5250,COALINDIA,27-FEB-2025
2025-02-03 14:55:18.588751,COALINDIA27FEB25F,FUTSTK,373.55,8204700,373.45,373.6,59055150,4200,1050,COALINDIA,27-FEB-2025
2025-02-03 14:55:25.242094,COALINDIA27FEB25F,FUTSTK,373.55,8204700,373.45,373.6,59055150,1050,5250,COALINDIA,27-FEB-2025
2025-02-03 14:55:31.678907,COALINDIA27FEB25F,FUTSTK,373.45,8205750,373.4,373.6,59063550,3150,6300,COALINDIA,27-FEB-2025
2025-02-03 14:55:39.479981,COALINDIA27FEB25F,FUTSTK,373.45,8205750,373.4,373.6,59063550,4200,3150,COALINDIA,27-FEB-2025
2025-02-03 14:55:47.536032,COALINDIA27FEB25F,FUTSTK,373.55,8206800,373.4,373.6,59063550,1050,6300,COALINDIA,27-FEB-2025
2025-02-03 14:55:54.613066,COALINDIA27FEB25F,FUTSTK,373.4,8213100,373.3,373.45,59063550,2100,1050,COALINDIA,27-FEB-2025
2025-02-03 14:56:01.155876,COALINDIA27FEB25F,FUTSTK,373.25,8215200,373.25,373.4,59063550,2100,2100,COALINDIA,27-FEB-2025
2025-02-03 14:56:07.462691,COALINDIA27FEB25F,FUTSTK,373.3,8216250,373.2,373.35,59063550,3150,2100,COALINDIA,27-FEB-2025
2025-02-03 14:56:14.349718,COALINDIA27FEB25F,FUTSTK,373.4,8219400,373.35,373.45,59063550,3150,1050,COALINDIA,27-FEB-2025
2025-02-03 14:56:20.860272,COALINDIA27FEB25F,FUTSTK,373.4,8219400,373.3,373.45,59063550,1050,4200,COALINDIA,27-FEB-2025
2025-02-03 14:56:27.559436,COALINDIA27FEB25F,FUTSTK,373.4,8219400,373.35,373.45,59063550,2100,4200,COALINDIA,27-FEB-2025
2025-02-03 14:56:37.337308,COALINDIA27FEB25F,FUTSTK,373.35,8220450,373.35,373.45,59063550,1050,3150,COALINDIA,27-FEB-2025
2025-02-03 14:56:43.726973,COALINDIA27FEB25F,FUTSTK,373.35,8222550,373.2,373.4,59063550,1050,5250,COALINDIA,27-FEB-2025
2025-02-03 14:56:50.403970,COALINDIA27FEB25F,FUTSTK,373.35,8222550,373.3,373.35,59063550,1050,3150,COALINDIA,27-FEB-2025
2025-02-03 14:57:00.141865,COALINDIA27FEB25F,FUTSTK,373.3,8224650,373.2,373.35,59063550,1050,13650,COALINDIA,27-FEB-2025
2025-02-03 14:57:07.528854,COALINDIA27FEB25F,FUTSTK,373.3,8224650,373.2,373.35,59063550,1050,13650,COALINDIA,27-FEB-2025
2025-02-03 14:57:14.264664,COALINDIA27FEB25F,FUTSTK,373.3,8224650,373.2,373.35,59063550,1050,12600,COALINDIA,27-FEB-2025
2025-02-03 14:57:20.780947,COALINDIA27FEB25F,FUTSTK,373.3,8224650,373.2,373.35,59063550,1050,13650,COALINDIA,27-FEB-2025
2025-02-03 14:57:27.644034,COALINDIA27FEB25F,FUTSTK,373.3,8224650,373.2,373.35,59063550,1050,14700,COALINDIA,27-FEB-2025
2025-02-03 14:57:34.098487,COALINDIA27FEB25F,FUTSTK,373.3,8224650,373.2,373.35,59063550,1050,13650,COALINDIA,27-FEB-2025
2025-02-03 14:57:40.427291,COALINDIA27FEB25F,FUTSTK,373.2,8225700,373.1,373.3,59063550,2100,1050,COALINDIA,27-FEB-2025
2025-02-03 14:57:46.789593,COALINDIA27FEB25F,FUTSTK,373.2,8225700,373.1,373.25,59063550,1050,3150,COALINDIA,27-FEB-2025
2025-02-03 14:57:53.221135,COALINDIA27FEB25F,FUTSTK,373.2,8225700,373.05,373.25,59063550,3150,4200,COALINDIA,27-FEB-2025
2025-02-03 14:57:59.583424,COALINDIA27FEB25F,FUTSTK,373.2,8225700,373.05,373.25,59063550,2100,4200,COALINDIA,27-FEB-2025
2025-02-03 14:58:05.972816,COALINDIA27FEB25F,FUTSTK,373.2,8225700,373.0,373.15,59063550,3150,2100,COALINDIA,27-FEB-2025
2025-02-03 14:58:14.397065,COALINDIA27FEB25F,FUTSTK,373.2,8225700,373.05,373.15,59063550,1050,3150,COALINDIA,27-FEB-2025
2025-02-03 14:58:23.125954,COALINDIA27FEB25F,FUTSTK,373.15,8229900,373.15,373.35,59063550,2100,8400,COALINDIA,27-FEB-2025
2025-02-03 14:58:29.663159,COALINDIA27FEB25F,FUTSTK,373.15,8229900,373.1,373.3,59063550,1050,5250,COALINDIA,27-FEB-2025
2025-02-03 14:58:38.047412,COALINDIA27FEB25F,FUTSTK,373.15,8229900,373.15,373.35,59063550,2100,14700,COALINDIA,27-FEB-2025
2025-02-03 14:58:44.481493,COALINDIA27FEB25F,FUTSTK,373.25,8232000,373.15,373.35,59067750,3150,5250,COALINDIA,27-FEB-2025
2025-02-03 14:58:51.335135,COALINDIA27FEB25F,FUTSTK,373.3,8233050,373.2,373.35,59067750,2100,1050,COALINDIA,27-FEB-2025
2025-02-03 14:58:58.198997,COALINDIA27FEB25F,FUTSTK,373.3,8233050,373.2,373.35,59067750,3150,2100,COALINDIA,27-FEB-2025
2025-02-03 14:59:04.685011,COALINDIA27FEB25F,FUTSTK,373.55,8239350,373.4,373.55,59067750,1050,1050,COALINDIA,27-FEB-2025
2025-02-03 14:59:12.520985,COALINDIA27FEB25F,FUTSTK,373.55,8239350,373.4,373.5,59067750,1050,1050,COALINDIA,27-FEB-2025
2025-02-03 14:59:18.999171,COALINDIA27FEB25F,FUTSTK,373.55,8239350,373.4,373.5,59067750,2100,1050,COALINDIA,27-FEB-2025
2025-02-03 14:59:26.020911,COALINDIA27FEB25F,FUTSTK,373.5,8241450,373.45,373.55,59067750,5250,1050,COALINDIA,27-FEB-2025
2025-02-03 14:59:34.700460,COALINDIA27FEB25F,FUTSTK,373.6,8244600,373.55,373.7,59067750,2100,1050,COALINDIA,27-FEB-2025
2025-02-03 14:59:42.190858,COALINDIA27FEB25F,FUTSTK,373.6,8244600,373.55,373.75,59067750,4200,9450,COALINDIA,27-FEB-2025
2025-02-03 14:59:48.916543,COALINDIA27FEB25F,FUTSTK,373.55,8244600,373.55,373.75,59067750,4200,9450,COALINDIA,27-FEB-2025
2025-02-03 14:59:55.387412,COALINDIA27FEB25F,FUTSTK,373.7,8246700,373.55,373.7,59067750,3150,2100,COALINDIA,27-FEB-2025
2025-02-03 15:00:02.172116,COALINDIA27FEB25F,FUTSTK,373.65,8246700,373.55,373.7,59067750,3150,2100,COALINDIA,27-FEB-2025
2025-02-03 15:00:08.594835,COALINDIA27FEB25F,FUTSTK,373.85,8246700,373.55,373.7,59067750,3150,2100,COALINDIA,27-FEB-2025
2025-02-03 15:00:15.120372,COALINDIA27FEB25F,FUTSTK,374.05,8246700,373.55,373.7,59067750,3150,2100,COALINDIA,27-FEB-2025
2025-02-03 15:00:21.670988,COALINDIA27FEB25F,FUTSTK,374.05,8246700,373.55,373.7,59067750,3150,2100,COALINDIA,27-FEB-2025
2025-02-03 15:00:28.086384,COALINDIA27FEB25F,FUTSTK,374.0,8275050,374.0,374.15,59067750,1050,7350,COALINDIA,27-FEB-2025
2025-02-03 15:00:34.640090,COALINDIA27FEB25F,FUTSTK,374.35,8275050,374.0,374.15,59067750,1050,7350,COALINDIA,27-FEB-2025
2025-02-03 15:00:41.191936,COALINDIA27FEB25F,FUTSTK,374.35,8275050,374.0,374.15,59067750,1050,7350,COALINDIA,27-FEB-2025
2025-02-03 15:00:50.374771,COALINDIA27FEB25F,FUTSTK,374.25,8275050,374.0,374.15,59067750,1050,7350,COALINDIA,27-FEB-2025
2025-02-03 15:00:57.796674,COALINDIA27FEB25F,FUTSTK,374.2,8286600,374.15,374.25,59067750,2100,7350,COALINDIA,27-FEB-2025
2025-02-03 15:01:05.615518,COALINDIA27FEB25F,FUTSTK,374.2,8286600,374.15,374.25,59067750,2100,7350,COALINDIA,27-FEB-2025
2025-02-03 15:01:14.004851,COALINDIA27FEB25F,FUTSTK,374.3,8286600,374.15,374.25,59067750,2100,7350,COALINDIA,27-FEB-2025
2025-02-03 15:01:21.202127,COALINDIA27FEB25F,FUTSTK,374.25,8286600,374.15,374.25,59067750,2100,7350,COALINDIA,27-FEB-2025
2025-02-03 15:01:27.785728,COALINDIA27FEB25F,FUTSTK,374.25,8293950,374.15,374.35,59067750,4200,2100,COALINDIA,27-FEB-2025
2025-02-03 15:01:34.222647,COALINDIA27FEB25F,FUTSTK,374.25,8293950,374.15,374.35,59067750,4200,2100,COALINDIA,27-FEB-2025
2025-02-03 15:01:40.801480,COALINDIA27FEB25F,FUTSTK,374.15,8293950,374.15,374.35,59065650,4200,2100,COALINDIA,27-FEB-2025
2025-02-03 15:01:47.241826,COALINDIA27FEB25F,FUTSTK,374.25,8293950,374.15,374.35,59065650,4200,2100,COALINDIA,27-FEB-2025
2025-02-03 15:01:53.868951,COALINDIA27FEB25F,FUTSTK,374.3,8293950,374.15,374.35,59065650,4200,2100,COALINDIA,27-FEB-2025
2025-02-03 15:02:01.819145,COALINDIA27FEB25F,FUTSTK,374.35,8303400,374.2,374.3,59065650,3150,1050,COALINDIA,27-FEB-2025
2025-02-03 15:02:10.023178,COALINDIA27FEB25F,FUTSTK,374.3,8303400,374.2,374.3,59065650,3150,1050,COALINDIA,27-FEB-2025
2025-02-03 15:02:17.390278,COALINDIA27FEB25F,FUTSTK,374.3,8303400,374.2,374.3,59065650,3150,1050,COALINDIA,27-FEB-2025
2025-02-03 15:02:24.130221,COALINDIA27FEB25F,FUTSTK,374.3,8303400,374.2,374.3,59065650,3150,1050,COALINDIA,27-FEB-2025
2025-02-03 15:02:30.540004,COALINDIA27FEB25F,FUTSTK,374.35,8314950,374.15,374.35,59065650,1050,8400,COALINDIA,27-FEB-2025
2025-02-03 15:02:37.163467,COALINDIA27FEB25F,FUTSTK,374.35,8314950,374.15,374.35,59065650,1050,8400,COALINDIA,27-FEB-2025
2025-02-03 15:02:43.363819,COALINDIA27FEB25F,FUTSTK,374.4,8314950,374.15,374.35,59065650,1050,8400,COALINDIA,27-FEB-2025
2025-02-03 15:02:49.863182,COALINDIA27FEB25F,FUTSTK,374.35,8314950,374.15,374.35,59065650,1050,8400,COALINDIA,27-FEB-2025
2025-02-03 15:02:56.332063,COALINDIA27FEB25F,FUTSTK,374.4,8330700,374.3,374.45,59065650,2100,1050,COALINDIA,27-FEB-2025
2025-02-03 15:03:02.891980,COALINDIA27FEB25F,FUTSTK,374.45,8330700,374.3,374.45,59065650,2100,1050,COALINDIA,27-FEB-2025
2025-02-03 15:03:09.508637,COALINDIA27FEB25F,FUTSTK,374.45,8330700,374.3,374.45,59065650,2100,1050,COALINDIA,27-FEB-2025
2025-02-03 15:03:17.505533,COALINDIA27FEB25F,FUTSTK,374.35,8330700,374.3,374.45,59065650,2100,1050,COALINDIA,27-FEB-2025
2025-02-03 15:03:26.466474,COALINDIA27FEB25F,FUTSTK,374.45,8333850,374.35,374.45,59065650,2100,3150,COALINDIA,27-FEB-2025
2025-02-03 15:03:33.493878,COALINDIA27FEB25F,FUTSTK,374.45,8333850,374.35,374.45,59065650,2100,3150,COALINDIA,27-FEB-2025
2025-02-03 15:03:39.828532,COALINDIA27FEB25F,FUTSTK,374.35,8333850,374.35,374.45,59065650,2100,3150,COALINDIA,27-FEB-2025
2025-02-03 15:03:46.287627,COALINDIA27FEB25F,FUTSTK,374.45,8333850,374.35,374.45,59065650,2100,3150,COALINDIA,27-FEB-2025
2025-02-03 15:03:52.936212,COALINDIA27FEB25F,FUTSTK,374.45,8333850,374.35,374.45,59065650,2100,3150,COALINDIA,27-FEB-2025
2025-02-03 15:03:59.368095,COALINDIA27FEB25F,FUTSTK,374.5,8340150,374.35,374.45,59065650,1050,1050,COALINDIA,27-FEB-2025
2025-02-03 15:04:06.027536,COALINDIA27FEB25F,FUTSTK,374.45,8340150,374.35,374.45,59065650,1050,1050,COALINDIA,27-FEB-2025
2025-02-03 15:04:12.460474,COALINDIA27FEB25F,FUTSTK,374.6,8340150,374.35,374.45,59065650,1050,1050,COALINDIA,27-FEB-2025
2025-02-03 15:04:18.788253,COALINDIA27FEB25F,FUTSTK,374.35,8340150,374.35,374.45,59065650,1050,1050,COALINDIA,27-FEB-2025
2025-02-03 15:04:25.362128,COALINDIA27FEB25F,FUTSTK,374.45,8358000,374.35,374.45,59065650,1050,2100,COALINDIA,27-FEB-2025
2025-02-03 15:04:32.532027,COALINDIA27FEB25F,FUTSTK,374.35,8358000,374.35,374.45,59065650,1050,2100,COALINDIA,27-FEB-2025
2025-02-03 15:04:41.068059,COALINDIA27FEB25F,FUTSTK,374.35,8358000,374.35,374.45,59065650,1050,2100,COALINDIA,27-FEB-2025
2025-02-03 15:04:48.446697,COALINDIA27FEB25F,FUTSTK,374.5,8358000,374.35,374.45,59076150,1050,2100,COALINDIA,27-FEB-2025
2025-02-03 15:04:55.092303,COALINDIA27FEB25F,FUTSTK,374.7,8361150,374.45,374.65,59076150,3150,4200,COALINDIA,27-FEB-2025
2025-02-03 15:05:01.366919,COALINDIA27FEB25F,FUTSTK,374.7,8361150,374.45,374.65,59076150,3150,4200,COALINDIA,27-FEB-2025
2025-02-03 15:05:07.833353,COALINDIA27FEB25F,FUTSTK,374.9,8361150,374.45,374.65,59076150,3150,4200,COALINDIA,27-FEB-2025
2025-02-03 15:05:14.232931,COALINDIA27FEB25F,FUTSTK,374.7,8361150,374.45,374.65,59076150,3150,4200,COALINDIA,27-FEB-2025
2025-02-03 15:05:21.398298,COALINDIA27FEB25F,FUTSTK,374.75,8381100,374.75,374.9,59076150,2100,1050,COALINDIA,27-FEB-2025
2025-02-03 15:05:27.948049,COALINDIA27FEB25F,FUTSTK,374.9,8381100,374.75,374.9,59076150,2100,1050,COALINDIA,27-FEB-2025
